sample	sample_sol	frac_at_odd	frac_at_2	frac_homdel	floh_strict	frac_subclonal	frac_tight_50_CCF_subclonal	frac_tight_clonal	N_segments	integer_offset	biggest_homdel_Mb	max_abberant_clonal_segment	gii	wgii	goodness_of_fit	ploidy	purity	num_gds	homdel_size_fail	homdel_frac_fail	loh_fail	purity_fail	size_clonal_cn_change_fail	bio_plausible_sol	frac_subclonal_tight50CCF	extra_int_score	frac_at_odd_lim	missing_cn_score	solution_fit_score	selected_solution_auto	flag_goodness_of_fit	flag_segmentation	flag_poor_solution	low_purity
SLX-12456_SLX-12458.D711_D501	SLX-12456_SLX-12458.D711_D501:1.5:0.025	0.30767840424851	0.132930087276897	0.126238367476091	0.385447025713407	0.959126259379111	0.22319012234431	0.325543069760143	24	0.8295	133.999999	247499999	0.416147826882354	0.544967531814703	16.3239562933282	1.5	0.025	0	TRUE	TRUE	FALSE	TRUE	FALSE	FALSE	0.330918272668556	5.47534515929702	0.30767840424851	0	10.9239562933282					FALSE
SLX-12456_SLX-12458.D711_D501	SLX-12456_SLX-12458.D711_D501:1.5:0.05	0.133291800716924	0.0714386183595491	0.0338203073800552	0.126238367476091	1	0.155926900263749	0.442919432816404	24	0.7895	80.999999	247499999	0.385238006161001	0.499512986360158	4.89797634281984	1.5	0.05	0	TRUE	TRUE	FALSE	TRUE	FALSE	FALSE	0.279900088872353	3.91720298753755	0.133291800716924	0	0.897976342819835					FALSE
SLX-12456_SLX-12458.D711_D501	SLX-12456_SLX-12458.D711_D501:1.5:0.075	0.0732471902619748	0	0.00452143120292241	0.0777686214648972	1	0.0323734496410859	0.547635787129966	24	0.776166666666665	12.499999	247499999	0.385238006161001	0.499512986360158	3.95320815415211	1.5	0.075	0	FALSE	FALSE	FALSE	TRUE	FALSE	FALSE	0.0715650104938495	0.256077536349239	0.0732471902619748	0	3.75320815415211					FALSE
SLX-12456_SLX-12458.D711_D501	SLX-12456_SLX-12458.D711_D501:1.5:0.1	0.0408737406208889	0	0.00452143120292241	0.0453951718238113	1	0.0408737406208889	0.547635787129966	24	0.7695	12.499999	247499999	0.233568793721702	0.356818181444805	1.52480756762108	1.5	0.1	0	FALSE	FALSE	FALSE	FALSE	FALSE	TRUE	0.0903558227154278	0.408208734929091	0.0408737406208889	0	1.12480756762108	FALSE				FALSE
SLX-12456_SLX-12458.D711_D501	SLX-12456_SLX-12458.D711_D501:1.5:0.15	0	0	0.00452143120292241	0.00452143120292241	1	0	0.878283063726832	24	0.756416666666665	12.499999	247499999	0.126169911150562	0.185876623080937	0	1.5	0.15	0	FALSE	FALSE	FALSE	FALSE	FALSE	TRUE	0	0	0.001	0	0	FALSE				FALSE
SLX-12456_SLX-12458.D711_D501	SLX-12456_SLX-12458.D711_D501:1.5:0.2	0	0	0.00452143120292241	0.00452143120292241	1	0	0.926752809738025	24	0.75475	12.499999	247499999	0.0777264492301529	0.140422077626391	0	1.5	0.2	0	FALSE	FALSE	FALSE	FALSE	FALSE	TRUE	0	0	0.001	0	0	FALSE				FALSE
SLX-12456_SLX-12458.D711_D501	SLX-12456_SLX-12458.D711_D501:1.5:0.25	0	0	0.00452143120292241	0.00452143120292241	1	0	0.954604828176189	24	0.75375	12.499999	247499999	0.0453705550078468	0.094967532171846	0	1.5	0.25	0	FALSE	FALSE	FALSE	FALSE	FALSE	TRUE	0	0	0.001	0	0	FALSE				FALSE
SLX-12456_SLX-12458.D711_D501	SLX-12456_SLX-12458.D711_D501:1.5:0.3	0	0	0.00452143120292241	0.00452143120292241	0.995478568797078	0	0.970701123822867	24	0.753083333333335	12.499999	247499999	0.0453705550078468	0.094967532171846	0.323282354065078	1.5	0.3	0	FALSE	FALSE	FALSE	FALSE	FALSE	TRUE	0	0	0.001	0	0.323282354065078	FALSE				FALSE
SLX-12456_SLX-12458.D711_D501	SLX-12456_SLX-12458.D711_D501:1.5:0.35	0	0	0.00452143120292241	0.00452143120292241	1	0	0.995478568797078	24	0.752607142857145	12.499999	247499999	0.0045189793289599	0.0040584412627551	0	1.5	0.35	0	FALSE	FALSE	FALSE	FALSE	FALSE	TRUE	0	0	0.001	0	0	FALSE				FALSE
SLX-12456_SLX-12458.D711_D501	SLX-12456_SLX-12458.D711_D501:1.5:0.4	0	0	0.00452143120292241	0.00452143120292241	1	0.00452143120292241	0.995478568797078	24	0.75225	12.499999	247499999	0.0045189793289599	0.0040584412627551	0	1.5	0.4	0	FALSE	FALSE	FALSE	FALSE	FALSE	TRUE	1	50	0.001	0	-50	FALSE				FALSE
SLX-12456_SLX-12458.D711_D501	SLX-12456_SLX-12458.D711_D501:1.5:0.45	0	0	0.00452143120292241	0.00452143120292241	1	0	0.995478568797078	24	0.75197222222222	12.499999	247499999	0.0045189793289599	0.0040584412627551	0	1.5	0.45	0	FALSE	FALSE	FALSE	FALSE	FALSE	TRUE	0	0	0.001	0	0	FALSE				FALSE
SLX-12456_SLX-12458.D711_D501	SLX-12456_SLX-12458.D711_D501:1.5:0.5	0	0	0.00452143120292241	0.00452143120292241	1	0	1	24	0.75175	12.499999	247499999	0.0045189793289599	0.0040584412627551	0	1.5	0.5	0	FALSE	FALSE	FALSE	FALSE	FALSE	TRUE		1	0.001	0	-1	FALSE				FALSE
SLX-12456_SLX-12458.D711_D501	SLX-12456_SLX-12458.D711_D501:1.5:0.55	0.00452143120292241	0	0.00452143120292241	0.00452143120292241	1	0	1	24	0.75156818181818	12.499999	247499999	0.0045189793289599	0.0040584412627551	0	1.5	0.55	0	FALSE	FALSE	FALSE	FALSE	FALSE	TRUE		1	0.00452143120292241	0	-1	FALSE				FALSE
SLX-12456_SLX-12458.D711_D501	SLX-12456_SLX-12458.D711_D501:1.5:0.6	0.00452143120292241	0	0	0.00452143120292241	1	0	1	24	0.751416666666665	0	247499999	0.0045189793289599	0.0040584412627551	0.0836464832196357	1.5	0.6	0	FALSE	FALSE	FALSE	FALSE	FALSE	TRUE		1	0.00452143120292241	0	-0.916353516780364	FALSE				FALSE
SLX-12456_SLX-12458.D711_D501	SLX-12456_SLX-12458.D711_D501:1.5:0.65	0.00452143120292241	0	0	0.00452143120292241	1	0	0.995478568797078	24	0.75128846153846	0	247499999	0.0045189793289599	0.0040584412627551	0.219289428981207	1.5	0.65	0	FALSE	FALSE	FALSE	FALSE	FALSE	TRUE	0	0	0.00452143120292241	0	0.219289428981207	FALSE				FALSE
SLX-12456_SLX-12458.D711_D501	SLX-12456_SLX-12458.D711_D501:1.5:0.7	0.00452143120292241	0	0	0.00452143120292241	1	0	0.995478568797078	24	0.75117857142857	0	247499999	0.0045189793289599	0.0040584412627551	0.335554811062556	1.5	0.7	0	FALSE	FALSE	FALSE	FALSE	FALSE	TRUE	0	0	0.00452143120292241	0	0.335554811062556	FALSE				FALSE
SLX-12456_SLX-12458.D711_D501	SLX-12456_SLX-12458.D711_D501:1.5:0.75	0.00452143120292241	0	0	0.00452143120292241	1	0	0.995478568797078	24	0.751083333333335	0	247499999	0.0045189793289599	0.0040584412627551	0.436318142199722	1.5	0.75	0	FALSE	FALSE	FALSE	FALSE	FALSE	TRUE	0	0	0.00452143120292241	0	0.436318142199722	FALSE				FALSE
SLX-12456_SLX-12458.D711_D501	SLX-12456_SLX-12458.D711_D501:1.5:0.8	0.00452143120292241	0	0	0.00452143120292241	1	0	0.995478568797078	24	0.751	0	247499999	0.0045189793289599	0.0040584412627551	0.3798002481324	1.5	0.8	0	FALSE	FALSE	FALSE	FALSE	FALSE	TRUE	0	0	0.00452143120292241	0	0.3798002481324	FALSE				FALSE
SLX-12456_SLX-12458.D711_D501	SLX-12456_SLX-12458.D711_D501:1.5:0.85	0.00452143120292241	0	0	0.00452143120292241	1	0.00452143120292241	0.995478568797078	24	0.750926470588235	0	247499999	0.0045189793289599	0.0040584412627551	0.30200502923974	1.5	0.85	0	FALSE	FALSE	FALSE	FALSE	FALSE	TRUE	1	50	0.00452143120292241	0	-49.6979949707603	FALSE				FALSE
SLX-12456_SLX-12458.D711_D501	SLX-12456_SLX-12458.D711_D501:1.5:0.9	0.00452143120292241	0	0	0.00452143120292241	1	0.00452143120292241	0.995478568797078	24	0.75086111111111	0	247499999	0.0045189793289599	0.0040584412627551	0.232853723557365	1.5	0.9	0	FALSE	FALSE	FALSE	FALSE	FALSE	TRUE	1	50	0.00452143120292241	0	-49.7671462764426	FALSE				FALSE
SLX-12456_SLX-12458.D711_D501	SLX-12456_SLX-12458.D711_D501:1.5:0.95	0.00452143120292241	0	0	0.00452143120292241	1	0.00452143120292241	0.995478568797078	24	0.750802631578945	0	247499999	0.0045189793289599	0.0040584412627551	0.170981502683669	1.5	0.95	0	FALSE	FALSE	FALSE	FALSE	FALSE	TRUE	1	50	0.00452143120292241	0	-49.8290184973163	FALSE				FALSE
SLX-12456_SLX-12458.D711_D501	SLX-12456_SLX-12458.D711_D501:1.5:1	0.00452143120292241	0	0	0.00452143120292241	1	0.00452143120292241	0.995478568797078	24	0.75075	0	247499999	0.0045189793289599	0.0040584412627551	0.115296503897336	1.5	1	0	FALSE	FALSE	FALSE	TRUE	FALSE	FALSE	1	50	0.00452143120292241	0	-49.8847034961027					FALSE
SLX-12456_SLX-12458.D711_D501	SLX-12456_SLX-12458.D711_D501:1.6:0.025	0.155926900263749	0.229327007511527	0.0777686214648972	0.233695521728647	0.959126259379111	0.151751503984761	0.418322845466493	24	0.839799999999995	89.499999	247499999	0.385238006161001	0.499512986360158	13.5014999304343	1.6	0.025	0	TRUE	TRUE	FALSE	TRUE	FALSE	FALSE	0.260886133832198	3.40307874129559	0.155926900263749	0	10.1014999304343					FALSE
SLX-12456_SLX-12458.D711_D501	SLX-12456_SLX-12458.D711_D501:1.6:0.05	0.121716936273168	0.132930087276897	0.00452143120292241	0.0777686214648972	1	0.0484697460111934	0.583988096547932	24	0.8198	12.499999	80999999	0.233568793721702	0.356818181444805	6.82041668450943	1.6	0.05	0	FALSE	FALSE	FALSE	TRUE	FALSE	FALSE	0.116510478688209	0.678734582207782	0.121716936273168	0	6.22041668450943					FALSE
SLX-12456_SLX-12458.D711_D501	SLX-12456_SLX-12458.D711_D501:1.6:0.1	0.0292988761771328	0.0714386183595491	0.00452143120292241	0.00452143120292241	1	0.0408737406208889	0.761449273543471	24	0.8	12.499999	106499999	0.0777264492301529	0.140422077626391	0.421397418165949	1.6	0.1	0	FALSE	FALSE	FALSE	FALSE	FALSE	TRUE	0.171341924747135	1.46790275880264	0.0292988761771328	0	-0.978602581834051	FALSE				FALSE
SLX-12456_SLX-12458.D711_D501	SLX-12456_SLX-12458.D711_D501:1.6:0.15	0	0	0.00452143120292241	0.00452143120292241	1	0	0.922231378535103	24	0.8	12.499999	133999999	0.0453705550078468	0.094967532171846	0	1.6	0.15	0	FALSE	FALSE	FALSE	FALSE	FALSE	TRUE	0	0	0.001	0	0	FALSE				FALSE
SLX-12456_SLX-12458.D711_D501	SLX-12456_SLX-12458.D711_D501:1.6:0.2	0	0	0.00452143120292241	0.00452143120292241	1	0	0.954604828176189	24	0.8	12.499999	89499999	0.0045189793289599	0.0040584412627551	0	1.6	0.2	0	FALSE	FALSE	FALSE	FALSE	FALSE	TRUE	0	0	0.001	0	0	FALSE				FALSE
SLX-12456_SLX-12458.D711_D501	SLX-12456_SLX-12458.D711_D501:1.6:0.3	0	0	0.00452143120292241	0.00452143120292241	0.995478568797078	0	0.995478568797078	24	0.796866666666665	12.499999	80999999	0.0045189793289599	0.0040584412627551	0.150111526642806	1.6	0.3	0	FALSE	FALSE	FALSE	FALSE	FALSE	TRUE	0	0	0.001	0	0.150111526642806	FALSE				FALSE
SLX-12456_SLX-12458.D711_D501	SLX-12456_SLX-12458.D711_D501:1.6:0.35	0	0	0.00452143120292241	0.00452143120292241	1	0.00452143120292241	0.995478568797078	24	0.797342857142855	12.499999	80999999	0.0045189793289599	0.0040584412627551	0	1.6	0.35	0	FALSE	FALSE	FALSE	FALSE	FALSE	TRUE	1	50	0.001	0	-50	FALSE				FALSE
SLX-12456_SLX-12458.D711_D501	SLX-12456_SLX-12458.D711_D501:1.6:0.5	0.00452143120292241	0	0.00452143120292241	0.00452143120292241	1	0	1	24	0.7982	12.499999	12499999	0.0045189793289599	0.0040584412627551	0	1.6	0.5	0	FALSE	FALSE	FALSE	FALSE	TRUE	FALSE		1	0.00452143120292241	0	-1					FALSE
SLX-12456_SLX-12458.D711_D501	SLX-12456_SLX-12458.D711_D501:1.6:0.55	0.00452143120292241	0	0	0.00452143120292241	1	0	1	24	0.79838181818182	0	12499999	0.0045189793289599	0.0040584412627551	0.0965120111055059	1.6	0.55	0	FALSE	FALSE	FALSE	FALSE	TRUE	FALSE		1	0.00452143120292241	0	-0.903487988894494					FALSE
SLX-12456_SLX-12458.D711_D501	SLX-12456_SLX-12458.D711_D501:1.6:0.6	0.00452143120292241	0	0	0.00452143120292241	1	0	1	24	0.798533333333335	0	12499999	0.0045189793289599	0.0040584412627551	0.256817310641909	1.6	0.6	0	FALSE	FALSE	FALSE	FALSE	TRUE	FALSE		1	0.00452143120292241	0	-0.743182689358091					FALSE
SLX-12456_SLX-12458.D711_D501	SLX-12456_SLX-12458.D711_D501:1.7:0.025	0.155926900263749	0.268392175868276	0.0777686214648972	0.16711210809698	0.970701123822867	0.151751503984761	0.393545400492283	24	0.889849999999995	89.499999	247499999	0.385238006161001	0.499512986360158	14.5932638769783	1.7	0.025	0	TRUE	TRUE	FALSE	TRUE	FALSE	FALSE	0.25022731150517	3.13068537115527	0.155926900263749	0	11.3932638769783					FALSE
SLX-12456_SLX-12458.D711_D501	SLX-12456_SLX-12458.D711_D501:1.7:0.05	0.0732471902619748	0.229327007511527	0.00452143120292241	0.0453951718238113	1	0.0808431956522794	0.515443194389751	24	0.85	12.499999	247499999	0.126169911150562	0.185876623080937	11.469696207707	1.7	0.05	0	FALSE	FALSE	FALSE	TRUE	FALSE	FALSE	0.166839459721272	1.3917702660043	0.0732471902619748	0	10.069696207707					FALSE
SLX-12456_SLX-12458.D711_D501	SLX-12456_SLX-12458.D711_D501:1.7:0.25	0	0.0714386183595491	0.00452143120292241	0.00452143120292241	0.995478568797078	0	0.970701123822867	24	0.84615	12.499999	12499999	0.0045189793289599	0.0040584412627551	0.222002287896439	1.7	0.25	0	FALSE	FALSE	FALSE	FALSE	TRUE	FALSE	0	0	0.001	0	0.222002287896439					FALSE
SLX-12456_SLX-12458.D711_D501	SLX-12456_SLX-12458.D711_D501:1.7:0.45	0	0	0.00452143120292241	0.00452143120292241	1	0	1	24	0.84792777777778	12.499999	12499999	0.0045189793289599	0.0040584412627551	0	1.7	0.45	0	FALSE	FALSE	FALSE	FALSE	TRUE	FALSE		1	0.001	0	-1					FALSE
SLX-12456_SLX-12458.D711_D501	SLX-12456_SLX-12458.D711_D501:1.7:0.5	0.00452143120292241	0	0	0.00452143120292241	1	0	1	24	0.84815	0	12499999	0.0045189793289599	0.0040584412627551	0.0773164790840959	1.7	0.5	0	FALSE	FALSE	FALSE	FALSE	TRUE	FALSE		1	0.00452143120292241	0	-0.922683520915904					FALSE
SLX-12456_SLX-12458.D711_D501	SLX-12456_SLX-12458.D711_D501:1.7:0.55	0.00452143120292241	0	0	0.00452143120292241	1	0	1	24	0.84833181818182	0	12499999	0.0045189793289599	0.0040584412627551	0.269682838527779	1.7	0.55	0	FALSE	FALSE	FALSE	FALSE	TRUE	FALSE		1	0.00452143120292241	0	-0.730317161472221					FALSE
SLX-12456_SLX-12458.D711_D501	SLX-12456_SLX-12458.D711_D501:1.8:0.025	0.121716936273168	0.402045692195515	0.0453951718238113	0.126238367476091	1	0.301348400419733	0.377449104122175	24	0.939899999999995	80.999999	247499999	0.233568793721702	0.356818181444805	18.3021941572517	1.8	0.025	0	TRUE	TRUE	FALSE	TRUE	FALSE	FALSE	0.484054239444661	11.7154253362175	0.121716936273168	0	6.50219415725166					FALSE
SLX-12456_SLX-12458.D711_D501	SLX-12456_SLX-12458.D711_D501:1.8:0.075	0	0.583626382746191	0.00452143120292241	0.00452143120292241	1	0.0408737406208889	0.699387291114727	24	0.9	12.499999	247499999	0.0453705550078468	0.094967532171846	13.9933422564638	1.8	0.075	0	FALSE	FALSE	FALSE	TRUE	FALSE	FALSE	0.135968105847741	0.924366290391119	0.001	0	12.9933422564638					FALSE
SLX-12456_SLX-12458.D711_D501	SLX-12456_SLX-12458.D711_D501:1.8:0.25	0	0.83288789190302	0.00452143120292241	0.00452143120292241	0.995478568797078	0	0.970701123822867	24	0.8961	12.499999	12499999	0.0045189793289599	0.0040584412627551	4.76618565671791	1.8	0.25	0	FALSE	FALSE	FALSE	FALSE	TRUE	FALSE	0	0	0.001	0	4.76618565671791					FALSE
SLX-12456_SLX-12458.D711_D501	SLX-12456_SLX-12458.D711_D501:1.8:0.45	0.00452143120292241	0.922231378535103	0	0.00452143120292241	1	0	1	24	0.89787777777778	0	12499999	0.0045189793289599	0.0040584412627551	2.39390105922978	1.8	0.45	0	FALSE	FALSE	FALSE	FALSE	TRUE	FALSE		1	0.00452143120292241	0	1.39390105922978					FALSE
SLX-12456_SLX-12458.D711_D501	SLX-12456_SLX-12458.D711_D501:1.8:0.5	0.00452143120292241	0.954604828176189	0	0.00452143120292241	1	0	1	24	0.8981	0	12499999	0.0045189793289599	0.0040584412627551	2.37995495488034	1.8	0.5	0	FALSE	FALSE	FALSE	FALSE	TRUE	FALSE		1	0.00452143120292241	0	1.37995495488034					FALSE
SLX-12456_SLX-12458.D711_D501	SLX-12456_SLX-12458.D711_D501:1.8:0.55	0.00452143120292241	0.954604828176189	0	0.00452143120292241	1	0	1	24	0.89828181818182	0	12499999	0.0045189793289599	0.0040584412627551	2.368544505867	1.8	0.55	0	FALSE	FALSE	FALSE	FALSE	TRUE	FALSE		1	0.00452143120292241	0	1.368544505867					FALSE
SLX-12456_SLX-12458.D711_D501	SLX-12456_SLX-12458.D711_D501:1.9:0.025	0.0808431956522794	0.512187764386642	0.0453951718238113	0.126238367476091	1	0.148330894873445	0.386672824875749	24	0.95	80.999999	89499999	0.167021486829449	0.276785713990028	27.2352949363128	1.9	0.025	0	TRUE	TRUE	FALSE	TRUE	FALSE	FALSE	0.241846278608795	2.92448112384615	0.0808431956522794	0	24.2352949363128					FALSE
SLX-12456_SLX-12458.D711_D501	SLX-12456_SLX-12458.D711_D501:1.9:0.1	0	0.873761632523909	0.00452143120292241	0.00452143120292241	1	0	0.806844445367283	24	0.94005	12.499999	12499999	0.0045189793289599	0.0040584412627551	37.4866808502069	1.9	0.1	0	FALSE	FALSE	FALSE	FALSE	TRUE	FALSE	0	0	0.001	0	37.4866808502069					FALSE
SLX-12456_SLX-12458.D711_D501	SLX-12456_SLX-12458.D711_D501:1.9:0.25	0	0.966179692619945	0.00452143120292241	0.00452143120292241	0.995478568797078	0	0.970701123822867	24	0.94605	12.499999	12499999	0.0045189793289599	0.0040584412627551	43.450393046885	1.9	0.25	0	FALSE	FALSE	FALSE	FALSE	TRUE	FALSE	0	0	0.001	0	43.450393046885					FALSE
SLX-12456_SLX-12458.D711_D501	SLX-12456_SLX-12458.D711_D501:1.9:0.45	0.00452143120292241	0.995478568797078	0	0.00452143120292241	1	0	1	24	0.94782777777778	0	12499999	0.0045189793289599	0.0040584412627551	45.7874480729928	1.9	0.45	0	FALSE	FALSE	FALSE	FALSE	TRUE	FALSE		1	0.00452143120292241	0	44.7874480729928					FALSE
SLX-12456_SLX-12458.D711_D501	SLX-12456_SLX-12458.D711_D501:1.9:0.5	0.00452143120292241	0.995478568797078	0	0.00452143120292241	1	0	1	24	0.94805	0	12499999	0.0045189793289599	0.0040584412627551	46.4496749466193	1.9	0.5	0	FALSE	FALSE	FALSE	FALSE	TRUE	FALSE		1	0.00452143120292241	0	45.4496749466193					FALSE
SLX-12456_SLX-12458.D711_D501	SLX-12456_SLX-12458.D711_D501:1.9:0.55	0.00452143120292241	0.995478568797078	0	0.00452143120292241	1	0	1	24	0.94823181818182	0	12499999	0.0045189793289599	0.0040584412627551	46.6637342524649	1.9	0.55	0	FALSE	FALSE	FALSE	FALSE	TRUE	FALSE		1	0.00452143120292241	0	45.6637342524649					FALSE
SLX-12456_SLX-12458.D711_D501	SLX-12456_SLX-12458.D711_D501:2.1:0.025	0.0323734496410859	0.536977470759826	0.0453951718238113	0.0777686214648972	1	0.0746940480009441	0.307095629699854	24	1.00995	80.999999	89499999	0.1975697898986	0.231331168535482	20.8528783665317	2.1	0.025	0	TRUE	TRUE	FALSE	TRUE	FALSE	FALSE	0.10779849457233	0.581025771603033	0.0323734496410859	0	20.2528783665317					FALSE
SLX-12456_SLX-12458.D711_D501	SLX-12456_SLX-12458.D711_D501:2.1:0.05	0	0.740831545247012	0.00452143120292241	0.00452143120292241	1	0.0323734496410859	0.637895822197379	24	1.02995	12.499999	247499999	0.0338019673617408	0.0495129867173006	34.4127457325872	2.1	0.05	0	FALSE	FALSE	FALSE	TRUE	FALSE	FALSE	0.0894036899478479	0.399650988814546	0.001	0	34.0127457325872					FALSE
SLX-12456_SLX-12458.D711_D501	SLX-12456_SLX-12458.D711_D501:2.1:0.075	0	0.88316620981664	0.00452143120292241	0.00452143120292241	1	0.0408737406208889	0.765970704746394	24	1.03661666666667	12.499999	12499999	0.0045189793289599	0.0040584412627551	45.4206026393412	2.1	0.075	0	FALSE	FALSE	FALSE	TRUE	TRUE	FALSE	0.17465223991123	1.52517024530049	0.001	0	43.8206026393412					FALSE
SLX-12456_SLX-12458.D711_D501	SLX-12456_SLX-12458.D711_D501:2.1:0.15	0	0.995478568797078	0.00452143120292241	0.00452143120292241	1	0	0.959126259379111	24	1.04328333333333	12.499999	12499999	0.0045189793289599	0.0040584412627551	54.2758721720959	2.1	0.15	0	FALSE	FALSE	FALSE	FALSE	TRUE	FALSE	0	0	0.001	0	54.2758721720959					FALSE
SLX-12456_SLX-12458.D711_D501	SLX-12456_SLX-12458.D711_D501:2.1:0.4	0.00452143120292241	0.995478568797078	0	0.00452143120292241	1	0	1	24	1.04745	0	12499999	0.0045189793289599	0.0040584412627551	54.9160359077015	2.1	0.4	0	FALSE	FALSE	FALSE	FALSE	TRUE	FALSE		1	0.00452143120292241	0	53.9160359077015					FALSE
SLX-12456_SLX-12458.D711_D501	SLX-12456_SLX-12458.D711_D501:2.1:0.45	0.00452143120292241	0.995478568797078	0	0.00452143120292241	1	0	1	24	1.04772777777778	0	12499999	0.0045189793289599	0.0040584412627551	54.5105540201392	2.1	0.45	0	FALSE	FALSE	FALSE	FALSE	TRUE	FALSE		1	0.00452143120292241	0	53.5105540201392					FALSE
SLX-12456_SLX-12458.D711_D501	SLX-12456_SLX-12458.D711_D501:2.1:0.5	0.00452143120292241	0.995478568797078	0	0.00452143120292241	1	0	1	24	1.04795	0	12499999	0.0045189793289599	0.0040584412627551	53.8483271465127	2.1	0.5	0	FALSE	FALSE	FALSE	FALSE	TRUE	FALSE		1	0.00452143120292241	0	52.8483271465127					FALSE
SLX-12456_SLX-12458.D711_D501	SLX-12456_SLX-12458.D711_D501:2.2:0.15	0	0.862548481520181	0.00452143120292241	0.00452143120292241	1	0	0.959126259379111	24	1.09323333333334	12.499999	12499999	0.0045189793289599	0.0040584412627551	18.9445945047358	2.2	0.15	0	FALSE	FALSE	FALSE	FALSE	TRUE	FALSE	0	0	0.001	0	18.9445945047358					FALSE
SLX-12456_SLX-12458.D711_D501	SLX-12456_SLX-12458.D711_D501:2.2:0.4	0.00452143120292241	0.995478568797078	0	0.00452143120292241	1	0	1	24	1.0974	0	12499999	0.0045189793289599	0.0040584412627551	8.32538697004489	2.2	0.4	0	FALSE	FALSE	FALSE	FALSE	TRUE	FALSE		1	0.00452143120292241	0	7.32538697004489					FALSE
SLX-12456_SLX-12458.D711_D501	SLX-12456_SLX-12458.D711_D501:2.2:0.45	0.00452143120292241	0.995478568797078	0	0.00452143120292241	1	0	1	24	1.09767777777778	0	12499999	0.0045189793289599	0.0040584412627551	7.26223774805118	2.2	0.45	0	FALSE	FALSE	FALSE	FALSE	TRUE	FALSE		1	0.00452143120292241	0	6.26223774805118					FALSE
SLX-12456_SLX-12458.D711_D501	SLX-12456_SLX-12458.D711_D501:2.2:0.5	0.00452143120292241	0.995478568797078	0	0	1	0	1	24	1.0979	0	12499999	0.0045189793289599	0.0040584412627551	6.38983464187349	2.2	0.5	0	FALSE	FALSE	TRUE	FALSE	TRUE	FALSE		1	0.00452143120292241	0	5.38983464187349					FALSE
SLX-12456_SLX-12458.D711_D501	SLX-12456_SLX-12458.D711_D501:2.3:0.025	0.112312358980438	0.359403581347957	0.0338203073800552	0.0453951718238113	1	0.255370452962122	0.234764986788066	24	0.9894	80.999999	197499999	0.210584451407177	0.231331168535482	20.9767234928331	2.3	0.025	0	TRUE	TRUE	FALSE	TRUE	FALSE	FALSE	0.333715066029521	5.56828726475436	0.112312358980438	0	15.3767234928331					FALSE
SLX-12456_SLX-12458.D711_D501	SLX-12456_SLX-12458.D711_D501:2.3:0.1	0	0.380925594510485	0.00452143120292241	0.00452143120292241	1	0	0.855314191378476	24	1.13985	12.499999	12499999	0.0045189793289599	0.0040584412627551	8.48569319420251	2.3	0.1	0	FALSE	FALSE	FALSE	FALSE	TRUE	FALSE	0	0	0.001	0	8.48569319420251					FALSE
SLX-12456_SLX-12458.D711_D501	SLX-12456_SLX-12458.D711_D501:2.3:0.2	0	0.229174090525724	0.00452143120292241	0.00452143120292241	0.995478568797078	0	0.970701123822867	24	1.14485	12.499999	12499999	0.0045189793289599	0.0040584412627551	2.42160638209219	2.3	0.2	0	FALSE	FALSE	FALSE	FALSE	TRUE	FALSE	0	0	0.001	0	2.42160638209219					FALSE
SLX-12456_SLX-12458.D711_D501	SLX-12456_SLX-12458.D711_D501:2.3:0.4	0.00452143120292241	0.0732471902619748	0	0.00452143120292241	1	0	1	24	1.14735	0	12499999	0.0045189793289599	0.0040584412627551	0.327206956629113	2.3	0.4	0	FALSE	FALSE	FALSE	FALSE	TRUE	FALSE		1	0.00452143120292241	0	-0.672793043370887					FALSE
SLX-12456_SLX-12458.D711_D501	SLX-12456_SLX-12458.D711_D501:2.3:0.45	0.00452143120292241	0.0732471902619748	0	0.00452143120292241	1	0	1	24	1.14762777777778	0	12499999	0.0045189793289599	0.0040584412627551	0.0230593007794672	2.3	0.45	0	FALSE	FALSE	FALSE	FALSE	TRUE	FALSE		1	0.00452143120292241	0	-0.976940699220533					FALSE
SLX-12456_SLX-12458.D711_D501	SLX-12456_SLX-12458.D711_D501:2.3:0.5	0	0.0732471902619748	0	0	1	0	1	24	1.14785	0	12499999	0.0045189793289599	0.0040584412627551	0	2.3	0.5	0	FALSE	FALSE	TRUE	FALSE	TRUE	FALSE		1	0.001	0	-1					FALSE
SLX-12456_SLX-12458.D711_D501	SLX-12456_SLX-12458.D711_D501:2.4:0.025	0.112312358980438	0.290135249777719	0.00452143120292241	0.0453951718238113	1	0.239274156592014	0.330647276596866	24	1.0144	12.499999	197499999	0.210584451407177	0.231331168535482	21.528598459663	2.4	0.025	0	FALSE	FALSE	FALSE	TRUE	FALSE	FALSE	0.357470953991929	6.38927414739499	0.112312358980438	0	15.128598459663					FALSE
SLX-12456_SLX-12458.D711_D501	SLX-12456_SLX-12458.D711_D501:2.4:0.1	0	0.121716936273168	0.00452143120292241	0.00452143120292241	1	0	0.826196172102214	24	1.1388	12.499999	12499999	0.0045189793289599	0.0040584412627551	4.32299493859959	2.4	0.1	0	FALSE	FALSE	FALSE	FALSE	TRUE	FALSE	0	0	0.001	0	4.32299493859959					FALSE
SLX-12456_SLX-12458.D711_D501	SLX-12456_SLX-12458.D711_D501:2.4:0.2	0	0.0408737406208889	0.00452143120292241	0.00452143120292241	0.995478568797078	0	1	24	1.1792	12.499999	12499999	0.0045189793289599	0.0040584412627551	0.376183102912092	2.4	0.2	0	FALSE	FALSE	FALSE	FALSE	TRUE	FALSE		1	0.001	0	-0.623816897087908					FALSE
SLX-12456_SLX-12458.D711_D501	SLX-12456_SLX-12458.D711_D501:2.4:0.4	0.00452143120292241	0	0	0.00452143120292241	1	0	1	24	1.1892	0	12499999	0.0045189793289599	0.0040584412627551	0.143781522507266	2.4	0.4	0	FALSE	FALSE	FALSE	FALSE	TRUE	FALSE		1	0.00452143120292241	0	-0.856218477492734					FALSE
SLX-12456_SLX-12458.D711_D501	SLX-12456_SLX-12458.D711_D501:2.4:0.45	0	0	0	0	1	0	1	24	1.19031111111111	0	12499999	0.0045189793289599	0.0040584412627551	0	2.4	0.45	0	FALSE	FALSE	TRUE	FALSE	TRUE	FALSE		1	0.001	0	-1					FALSE
SLX-12456_SLX-12458.D711_D501	SLX-12456_SLX-12458.D711_D501:2.5:0.025	0.173803827897786	0.30767840424851	0.00452143120292241	0.0453951718238113	1	0.307095629699854	0.202768930549959	24	0.96825	12.499999	169999999	0.210584451407177	0.231331168535482	16.1221375108193	2.5	0.025	0	FALSE	FALSE	FALSE	TRUE	FALSE	FALSE	0.385202786830297	7.41905934909135	0.173803827897786	0	8.72213751081929					FALSE
SLX-12456_SLX-12458.D711_D501	SLX-12456_SLX-12458.D711_D501:2.5:0.05	0.0714386183595491	0.133291800716924	0.00452143120292241	0.00452143120292241	1	0.187199526728085	0.115386932444391	24	0.941333333333333	12.499999	197499999	0.0338019673617408	0.0495129867173006	5.89784571034364	2.5	0.05	0	FALSE	FALSE	FALSE	TRUE	FALSE	FALSE	0.211617410587615	2.23909642319037	0.0714386183595491	0	3.69784571034364					FALSE
SLX-12456_SLX-12458.D711_D501	SLX-12456_SLX-12458.D711_D501:2.5:0.075	0	0.0732471902619748	0.00452143120292241	0.00452143120292241	1	0.633374390994457	0.0453951718238113	24	0.991916666666665	12.499999	80999999	0.0045189793289599	0.0040584412627551	4.17937015905181	2.5	0.075	0	FALSE	FALSE	FALSE	TRUE	FALSE	FALSE	0.663493806337167	22.0112015523891	0.001	0	-17.8206298409482					FALSE
SLX-12456_SLX-12458.D711_D501	SLX-12456_SLX-12458.D711_D501:2.5:0.15	0	0.0292988761771328	0.00452143120292241	0.00452143120292241	1	0	0.770825909474276	24	0.851777777777777	12.499999	247499999	0.0045189793289599	0.0040584412627551	0	2.5	0.15	0	FALSE	FALSE	FALSE	FALSE	FALSE	TRUE	0	0	0.001	0	0	FALSE				FALSE
SLX-12456_SLX-12458.D711_D501	SLX-12456_SLX-12458.D711_D501:2.5:0.2	0	0	0.00452143120292241	0.00452143120292241	0.995478568797078	0	0.926752809738025	24	0.840333333333333	12.499999	247499999	0.0045189793289599	0.0040584412627551	0.354932374742779	2.5	0.2	0	FALSE	FALSE	FALSE	FALSE	FALSE	TRUE	0	0	0.001	0	0.354932374742779	FALSE				FALSE
SLX-12456_SLX-12458.D711_D501	SLX-12456_SLX-12458.D711_D501:2.5:0.25	0	0	0.00452143120292241	0.00452143120292241	1	0	0.954604828176189	24	0.839	12.499999	247499999	0.0045189793289599	0.0040584412627551	0	2.5	0.25	0	FALSE	FALSE	FALSE	FALSE	FALSE	TRUE	0	0	0.001	0	0	FALSE				FALSE
SLX-12456_SLX-12458.D711_D501	SLX-12456_SLX-12458.D711_D501:2.5:0.3	0.00452143120292241	0	0	0.00452143120292241	1	0	0.959126259379111	24	0.83811111111111	0	247499999	0.0045189793289599	0.0040584412627551	0.0519964625419356	2.5	0.3	0	FALSE	FALSE	FALSE	FALSE	FALSE	TRUE	0	0	0.00452143120292241	0	0.0519964625419356	FALSE				FALSE
SLX-12456_SLX-12458.D711_D501	SLX-12456_SLX-12458.D711_D501:2.5:0.35	0.00452143120292241	0	0	0.00452143120292241	1	0	0.966179692619945	24	0.83747619047619	0	247499999	0.0045189793289599	0.0040584412627551	0.348473186849377	2.5	0.35	0	FALSE	FALSE	FALSE	FALSE	FALSE	TRUE	0	0	0.00452143120292241	0	0.348473186849377	FALSE				FALSE
SLX-12456_SLX-12458.D711_D501	SLX-12456_SLX-12458.D711_D501:2.5:0.4	0.00452143120292241	0	0	0	1	0.00452143120292241	0.995478568797078	24	0.837	0	247499999	0.0045189793289599	0.0040584412627551	0	2.5	0.4	0	FALSE	FALSE	TRUE	FALSE	FALSE	FALSE	1	50	0.00452143120292241	0	-50					FALSE
SLX-12456_SLX-12458.D711_D501	SLX-12456_SLX-12458.D711_D501:2.5:0.45	0	0	0	0	1	0	0.995478568797078	24	0.83662962962963	0	247499999	0.0045189793289599	0.0040584412627551	0	2.5	0.45	0	FALSE	FALSE	TRUE	FALSE	FALSE	FALSE	0	0	0.001	0	0					FALSE
SLX-12456_SLX-12458.D711_D501	SLX-12456_SLX-12458.D711_D501:2.5:0.5	0	0	0	0	1	0	0.995478568797078	24	0.836333333333333	0	247499999	0.0045189793289599	0.0040584412627551	0	2.5	0.5	0	FALSE	FALSE	TRUE	FALSE	FALSE	FALSE	0	0	0.001	0	0					FALSE
SLX-12456_SLX-12458.D711_D501	SLX-12456_SLX-12458.D711_D501:2.5:0.55	0	0	0	0	1	0	0.995478568797078	24	0.83609090909091	0	247499999	0.0045189793289599	0.0040584412627551	0	2.5	0.55	0	FALSE	FALSE	TRUE	FALSE	FALSE	FALSE	0	0	0.001	0	0					FALSE
SLX-12456_SLX-12458.D711_D501	SLX-12456_SLX-12458.D711_D501:2.5:0.6	0	0	0	0	1	0	1	24	0.83588888888889	0	247499999	0.0045189793289599	0.0040584412627551	0	2.5	0.6	0	FALSE	FALSE	TRUE	FALSE	FALSE	FALSE		1	0.001	0	-1					FALSE
SLX-12456_SLX-12458.D711_D501	SLX-12456_SLX-12458.D711_D501:2.5:0.65	0	0	0	0	1	0	1	24	0.83571794871795	0	247499999	0.0045189793289599	0.0040584412627551	0	2.5	0.65	0	FALSE	FALSE	TRUE	FALSE	FALSE	FALSE		1	0.001	0	-1					FALSE
SLX-12456_SLX-12458.D711_D501	SLX-12456_SLX-12458.D711_D501:2.5:0.7	0	0	0	0	1	0	1	24	0.83557142857143	0	247499999	0.0045189793289599	0.0040584412627551	0	2.5	0.7	0	FALSE	FALSE	TRUE	FALSE	FALSE	FALSE		1	0.001	0	-1					FALSE
SLX-12456_SLX-12458.D711_D501	SLX-12456_SLX-12458.D711_D501:2.5:0.75	0	0.00452143120292241	0	0	1	0	1	24	0.835444444444443	0	247499999	0.0045189793289599	0.0040584412627551	0	2.5	0.75	0	FALSE	FALSE	TRUE	FALSE	FALSE	FALSE		1	0.001	0	-1					FALSE
SLX-12456_SLX-12458.D711_D501	SLX-12456_SLX-12458.D711_D501:2.5:0.8	0	0.00452143120292241	0	0	1	0	0.995478568797078	24	0.835333333333333	0	247499999	0.0045189793289599	0.0040584412627551	0	2.5	0.8	0	FALSE	FALSE	TRUE	FALSE	FALSE	FALSE	0	0	0.001	0	0					FALSE
SLX-12456_SLX-12458.D711_D501	SLX-12456_SLX-12458.D711_D501:2.5:0.85	0	0.00452143120292241	0	0	1	0	0.995478568797078	24	0.835235294117647	0	247499999	0.0045189793289599	0.0040584412627551	0.0732737873672749	2.5	0.85	0	FALSE	FALSE	TRUE	FALSE	FALSE	FALSE	0	0	0.001	0	0.0732737873672749					FALSE
SLX-12456_SLX-12458.D711_D501	SLX-12456_SLX-12458.D711_D501:2.5:0.9	0	0.00452143120292241	0	0	1	0	0.995478568797078	24	0.835148148148147	0	247499999	0.0045189793289599	0.0040584412627551	0.14242509304965	2.5	0.9	0	FALSE	FALSE	TRUE	FALSE	FALSE	FALSE	0	0	0.001	0	0.14242509304965					FALSE
SLX-12456_SLX-12458.D711_D501	SLX-12456_SLX-12458.D711_D501:2.5:0.95	0	0.00452143120292241	0	0	1	0	0.995478568797078	24	0.835070175438597	0	247499999	0	0	0.204297313923346	2.5	0.95	0	FALSE	FALSE		FALSE	FALSE		0	0	0.001	0	0.204297313923346					FALSE
SLX-12456_SLX-12458.D711_D501	SLX-12456_SLX-12458.D711_D501:2.5:1	0	0.00452143120292241	0	0	1	0	0.995478568797078	24	0.835	0	247499999	0	0	0.259982312709679	2.5	1	0	FALSE	FALSE		TRUE	FALSE	FALSE	0	0	0.001	0	0.259982312709679					FALSE
SLX-12456_SLX-12458.D711_D501	SLX-12456_SLX-12458.D711_D501:2.6:0.025	0.270200748132416	0.155926900263749	0.00452143120292241	0.0338203073800552	1	0.22319012234431	0.255370452962122	24	0.9204	12.499999	133999999	0.210584451407177	0.231331168535482	13.6350564142339	2.6	0.025	0	FALSE	FALSE	FALSE	TRUE	FALSE	FALSE	0.299733099810712	4.49199655610692	0.270200748132416	0	9.23505641423392					FALSE
SLX-12456_SLX-12458.D711_D501	SLX-12456_SLX-12458.D711_D501:2.6:0.05	0.132930087276897	0.121716936273168	0.00452143120292241	0.00452143120292241	1	0.0893434866320823	0.55306150500753	24	0.893733333333333	12.499999	247499999	0.0338019673617408	0.0495129867173006	7.15066204312361	2.6	0.05	0	FALSE	FALSE	FALSE	TRUE	FALSE	FALSE	0.199901077291603	1.99802203511717	0.132930087276897	0	5.15066204312361					FALSE
SLX-12456_SLX-12458.D711_D501	SLX-12456_SLX-12458.D711_D501:2.6:0.1	0.0714386183595491	0.0408737406208889	0.00452143120292241	0.00452143120292241	1	0.0453951718238113	0.761449273543471	24	0.866666666666667	12.499999	106499999	0.0045189793289599	0.0040584412627551	0	2.6	0.1	0	FALSE	FALSE	FALSE	FALSE	FALSE	TRUE	0.190295676303814	1.8106222209963	0.0714386183595491	0	-1.8	FALSE				FALSE
SLX-12456_SLX-12458.D711_D501	SLX-12456_SLX-12458.D711_D501:2.6:0.15	0	0	0.00452143120292241	0.00452143120292241	1	0	0.922231378535103	24	0.866666666666667	12.499999	133999999	0.0045189793289599	0.0040584412627551	0	2.6	0.15	0	FALSE	FALSE	FALSE	FALSE	FALSE	TRUE	0	0	0.001	0	0	FALSE				FALSE
SLX-12456_SLX-12458.D711_D501	SLX-12456_SLX-12458.D711_D501:2.6:0.2	0	0	0.00452143120292241	0.00452143120292241	0.995478568797078	0	0.959126259379111	24	0.866666666666667	12.499999	247499999	0.0045189793289599	0.0040584412627551	0.181761547320506	2.6	0.2	0	FALSE	FALSE	FALSE	FALSE	FALSE	TRUE	0	0	0.001	0	0.181761547320506	FALSE				FALSE
SLX-12456_SLX-12458.D711_D501	SLX-12456_SLX-12458.D711_D501:2.6:0.25	0	0	0.00452143120292241	0.00452143120292241	1	0	0.954604828176189	24	0.866666666666667	12.499999	89499999	0.0045189793289599	0.0040584412627551	0	2.6	0.25	0	FALSE	FALSE	FALSE	FALSE	FALSE	TRUE	0	0	0.001	0	0	FALSE				FALSE
SLX-12456_SLX-12458.D711_D501	SLX-12456_SLX-12458.D711_D501:2.6:0.3	0.00452143120292241	0	0	0.00452143120292241	1	0	0.970701123822867	24	0.864244444444443	0	31999999	0.0045189793289599	0.0040584412627551	0.225167289964209	2.6	0.3	0	FALSE	FALSE	FALSE	FALSE	FALSE	TRUE	0	0	0.00452143120292241	0	0.225167289964209	FALSE				FALSE
SLX-12456_SLX-12458.D711_D501	SLX-12456_SLX-12458.D711_D501:2.6:0.35	0.00452143120292241	0	0	0.00452143120292241	1	0	0.995478568797078	24	0.864561904761903	0	80999999	0.0045189793289599	0.0040584412627551	0.175302359427104	2.6	0.35	0	FALSE	FALSE	FALSE	FALSE	FALSE	TRUE	0	0	0.00452143120292241	0	0.175302359427104	FALSE				FALSE
SLX-12456_SLX-12458.D711_D501	SLX-12456_SLX-12458.D711_D501:2.6:0.4	0	0	0	0	1	0.00452143120292241	0.995478568797078	24	0.8648	0	80999999	0.0045189793289599	0.0040584412627551	0	2.6	0.4	0	FALSE	FALSE	TRUE	FALSE	FALSE	FALSE	1	50	0.001	0	-50					FALSE
SLX-12456_SLX-12458.D711_D501	SLX-12456_SLX-12458.D711_D501:2.6:0.55	0	0	0	0	1	0	1	24	0.865254545454547	0	12499999	0.0045189793289599	0.0040584412627551	0	2.6	0.55	0	FALSE	FALSE	TRUE	FALSE	TRUE	FALSE		1	0.001	0	-1					FALSE
SLX-12456_SLX-12458.D711_D501	SLX-12456_SLX-12458.D711_D501:2.6:0.6	0	0	0	0	1	0	1	24	0.865355555555557	0	12499999	0.0045189793289599	0.0040584412627551	0	2.6	0.6	0	FALSE	FALSE	TRUE	FALSE	TRUE	FALSE		1	0.001	0	-1					FALSE
SLX-12456_SLX-12458.D711_D501	SLX-12456_SLX-12458.D711_D501:2.6:0.65	0	0	0	0	1	0	1	24	0.865441025641027	0	12499999	0.0045189793289599	0.0040584412627551	0	2.6	0.65	0	FALSE	FALSE	TRUE	FALSE	TRUE	FALSE		1	0.001	0	-1					FALSE
SLX-12456_SLX-12458.D711_D501	SLX-12456_SLX-12458.D711_D501:2.6:0.7	0	0.00452143120292241	0	0	1	0	1	24	0.865514285714287	0	12499999	0.0045189793289599	0.0040584412627551	0	2.6	0.7	0	FALSE	FALSE	TRUE	FALSE	TRUE	FALSE		1	0.001	0	-1					FALSE
SLX-12456_SLX-12458.D711_D501	SLX-12456_SLX-12458.D711_D501:2.6:0.75	0	0.00452143120292241	0	0	1	0	1	24	0.865577777777777	0	12499999	0.0045189793289599	0.0040584412627551	0.0804814811518656	2.6	0.75	0	FALSE	FALSE	TRUE	FALSE	TRUE	FALSE		1	0.001	0	-0.919518518848134					FALSE
SLX-12456_SLX-12458.D711_D501	SLX-12456_SLX-12458.D711_D501:2.7:0.025	0.297691052045409	0.155926900263749	0.00452143120292241	0.0338203073800552	1	0.22319012234431	0.259891884165044	24	0.9538	12.499999	247499999	0.210584451407177	0.231331168535482	14.4679297950946	2.7	0.025	1	FALSE	FALSE	FALSE	TRUE	FALSE	FALSE	0.301564214158788	2.27352438153019	0.297691052045409	0	12.2679297950946					FALSE
SLX-12456_SLX-12458.D711_D501	SLX-12456_SLX-12458.D711_D501:2.7:0.05	0.229327007511527	0.0732471902619748	0.00452143120292241	0.00452143120292241	1	0.0853646268552018	0.572413232104176	24	0.913566666666667	12.499999	80999999	0.0338019673617408	0.0495129867173006	11.1807767332348	2.7	0.05	1	FALSE	FALSE	FALSE	TRUE	FALSE	FALSE	0.199642817001297	0.99643135950533	0.229327007511527	0	10.1807767332348					FALSE
SLX-12456_SLX-12458.D711_D501	SLX-12456_SLX-12458.D711_D501:2.7:0.075	0.229327007511527	0.0408737406208889	0.00452143120292241	0.00452143120292241	1	0.0408737406208889	0.699387291114727	24	0.9	12.499999	247499999	0.0045189793289599	0.0040584412627551	4.83177655671285	2.7	0.075	1	FALSE	FALSE	FALSE	TRUE	FALSE	FALSE	0.135968105847741	0.46218314519556	0.229327007511527	0	4.43177655671285					FALSE
SLX-12456_SLX-12458.D711_D501	SLX-12456_SLX-12458.D711_D501:2.7:0.3	0.0759600495624715	0	0	0.00452143120292241	1	0	1	24	0.897544444444444	0	12499999	0.0045189793289599	0.0040584412627551	0.398338117386482	2.7	0.3	1	FALSE	FALSE	FALSE	FALSE	TRUE	FALSE		1	0.0759600495624715	1.1941476056613	-1.80166188261352					FALSE
SLX-12456_SLX-12458.D711_D501	SLX-12456_SLX-12458.D711_D501:2.7:0.55	0	0	0	0	1	0	1	24	0.898554545454547	0	12499999	0.0045189793289599	0.0040584412627551	0	2.7	0.55	1	FALSE	FALSE	TRUE	FALSE	TRUE	FALSE		1	0.001	20	-21					FALSE
SLX-12456_SLX-12458.D711_D501	SLX-12456_SLX-12458.D711_D501:2.7:0.6	0	0.00452143120292241	0	0	1	0	1	24	0.898655555555557	0	12499999	0.0045189793289599	0.0040584412627551	0	2.7	0.6	1	FALSE	FALSE	TRUE	FALSE	TRUE	FALSE		1	0.001	20	-21					FALSE
SLX-12456_SLX-12458.D711_D501	SLX-12456_SLX-12458.D711_D501:2.7:0.65	0	0.00452143120292241	0	0	1	0	1	24	0.898741025641027	0	12499999	0.0045189793289599	0.0040584412627551	0.0366235953556244	2.7	0.65	1	FALSE	FALSE	TRUE	FALSE	TRUE	FALSE		1	0.001	20	-20.9633764046444					FALSE
SLX-12456_SLX-12458.D711_D501	SLX-12456_SLX-12458.D711_D501:2.7:0.7	0	0.00452143120292241	0	0	1	0	1	24	0.898814285714287	0	12499999	0.0045189793289599	0.0040584412627551	0.152888977436968	2.7	0.7	1	FALSE	FALSE	TRUE	FALSE	TRUE	FALSE		1	0.001	20	-20.847111022563					FALSE
SLX-12456_SLX-12458.D711_D501	SLX-12456_SLX-12458.D711_D501:2.7:0.75	0	0.00452143120292241	0	0	1	0	1	24	0.898877777777777	0	12499999	0.0045189793289599	0.0040584412627551	0.253652308574139	2.7	0.75	1	FALSE	FALSE	TRUE	FALSE	TRUE	FALSE		1	0.001	20	-20.7463476914259					FALSE
SLX-12456_SLX-12458.D711_D501	SLX-12456_SLX-12458.D711_D501:2.8:0.025	0.402045692195515	0.121716936273168	0.00452143120292241	0.00452143120292241	1	0.301348400419733	0.372927672919253	24	0.960266666666663	12.499999	89499999	0.210584451407177	0.231331168535482	18.3990432205254	2.8	0.025	1	FALSE	FALSE	FALSE	TRUE	FALSE	FALSE	0.480564023328251	5.7735445129359	0.402045692195515	0	12.5990432205254					FALSE
SLX-12456_SLX-12458.D711_D501	SLX-12456_SLX-12458.D711_D501:2.8:0.075	0.583626382746191	0	0.00452143120292241	0.00452143120292241	1	0.0408737406208889	0.699387291114727	24	0.933333333333333	12.499999	247499999	0.0045189793289599	0.0040584412627551	13.9822195349113	2.8	0.075	1	FALSE	FALSE	FALSE	TRUE	FALSE	FALSE	0.135968105847741	0.46218314519556	0.583626382746191	0	13.5822195349113					FALSE
SLX-12456_SLX-12458.D711_D501	SLX-12456_SLX-12458.D711_D501:2.8:0.3	0.837409323105943	0	0	0.00452143120292241	1	0	1	24	0.930844444444443	0	12499999	0.0045189793289599	0.0040584412627551	4.5169944939155	2.8	0.3	1	FALSE	FALSE	FALSE	FALSE	TRUE	FALSE		1	0.837409323105943	0	3.51699449391549					FALSE
SLX-12456_SLX-12458.D711_D501	SLX-12456_SLX-12458.D711_D501:2.8:0.55	0.922231378535103	0.00452143120292241	0	0	1	0	1	24	0.931854545454547	0	12499999	0.0045189793289599	0.0040584412627551	2.48607706317327	2.8	0.55	1	FALSE	FALSE	TRUE	FALSE	TRUE	FALSE		1	0.922231378535103	0	1.48607706317327					FALSE
SLX-12456_SLX-12458.D711_D501	SLX-12456_SLX-12458.D711_D501:2.8:0.6	0.954604828176189	0.00452143120292241	0	0	1	0	1	24	0.931955555555557	0	12499999	0.0045189793289599	0.0040584412627551	2.39041453314238	2.8	0.6	1	FALSE	FALSE	TRUE	FALSE	TRUE	FALSE		1	0.954604828176189	0	1.39041453314238					FALSE
SLX-12456_SLX-12458.D711_D501	SLX-12456_SLX-12458.D711_D501:2.8:0.65	0.954604828176189	0.00452143120292241	0	0	1	0	1	24	0.932041025641027	0	12499999	0.0045189793289599	0.0040584412627551	2.38236870370982	2.8	0.65	1	FALSE	FALSE	TRUE	FALSE	TRUE	FALSE		1	0.954604828176189	0	1.38236870370982					FALSE
SLX-12456_SLX-12458.D711_D501	SLX-12456_SLX-12458.D711_D501:2.8:0.7	0.954604828176189	0.00452143120292241	0	0	1	0	1	24	0.932114285714287	0	12499999	0.0045189793289599	0.0040584412627551	2.37547227848222	2.8	0.7	1	FALSE	FALSE	TRUE	FALSE	TRUE	FALSE		1	0.954604828176189	0	1.37547227848221					FALSE
SLX-12456_SLX-12458.D711_D501	SLX-12456_SLX-12458.D711_D501:2.8:0.75	0.954604828176189	0.00452143120292241	0	0	1	0	1	24	0.932177777777777	0	12499999	0.0045189793289599	0.0040584412627551	2.36949537661829	2.8	0.75	1	FALSE	FALSE	TRUE	FALSE	TRUE	FALSE		1	0.954604828176189	0	1.36949537661829					FALSE
SLX-12456_SLX-12458.D711_D501	SLX-12456_SLX-12458.D711_D501:2.9:0.025	0.512187764386642	0.0808431956522794	0.00452143120292241	0.00452143120292241	1	0.152852326076367	0.386672824875749	24	0.966666666666667	12.499999	89499999	0.210584451407177	0.231331168535482	27.5459172821069	2.9	0.025	1	FALSE	FALSE	FALSE	TRUE	FALSE	FALSE	0.249218251327934	1.55274341987383	0.512187764386642	0	25.9459172821069					FALSE
SLX-12456_SLX-12458.D711_D501	SLX-12456_SLX-12458.D711_D501:2.9:0.05	0.614552974286593	0.0408737406208889	0.00452143120292241	0.00452143120292241	1	0.0323734496410859	0.486144318212618	24	0.966666666666667	12.499999	247499999	0.0338019673617408	0.0495129867173006	32.0894676505153	2.9	0.05	1	FALSE	FALSE	FALSE	TRUE	FALSE	FALSE	0.0630010541646227	0.0992283206463429	0.614552974286593	0	32.0894676505153					FALSE
SLX-12456_SLX-12458.D711_D501	SLX-12456_SLX-12458.D711_D501:2.9:0.1	0.873761632523909	0	0.00452143120292241	0.00452143120292241	1	0	0.806844445367283	24	0.9597	12.499999	12499999	0.0045189793289599	0.0040584412627551	37.5169499171824	2.9	0.1	1	FALSE	FALSE	FALSE	FALSE	TRUE	FALSE	0	0	0.873761632523909	0	37.5169499171824					FALSE
SLX-12456_SLX-12458.D711_D501	SLX-12456_SLX-12458.D711_D501:2.9:0.55	0.995478568797078	0.00452143120292241	0	0	1	0	1	24	0.965154545454547	0	12499999	0.0045189793289599	0.0040584412627551	45.5014864684728	2.9	0.55	1	FALSE	FALSE	TRUE	FALSE	TRUE	FALSE		1	0.995478568797078	0	44.5014864684728					FALSE
SLX-12456_SLX-12458.D711_D501	SLX-12456_SLX-12458.D711_D501:2.9:0.6	0.995478568797078	0.00452143120292241	0	0	1	0	1	24	0.965255555555557	0	12499999	0.0045189793289599	0.0040584412627551	45.9530047913998	2.9	0.6	1	FALSE	FALSE	TRUE	FALSE	TRUE	FALSE		1	0.995478568797078	0	44.9530047913998					FALSE
SLX-12456_SLX-12458.D711_D501	SLX-12456_SLX-12458.D711_D501:2.9:0.65	0.995478568797078	0.00452143120292241	0	0	1	0	1	24	0.965341025641027	0	12499999	0.0045189793289599	0.0040584412627551	46.3350587569534	2.9	0.65	1	FALSE	FALSE	TRUE	FALSE	TRUE	FALSE		1	0.995478568797078	0	45.3350587569534					FALSE
SLX-12456_SLX-12458.D711_D501	SLX-12456_SLX-12458.D711_D501:2.9:0.7	0.995478568797078	0.00452143120292241	0	0	1	0	1	24	0.965414285714287	0	12499999	0.0045189793289599	0.0040584412627551	46.5683586250848	2.9	0.7	1	FALSE	FALSE	TRUE	FALSE	TRUE	FALSE		1	0.995478568797078	0	45.5683586250848					FALSE
SLX-12456_SLX-12458.D711_D501	SLX-12456_SLX-12458.D711_D501:2.9:0.75	0.995478568797078	0.00452143120292241	0	0	1	0	1	24	0.965477777777777	0	12499999	0.0045189793289599	0.0040584412627551	46.6506434800785	2.9	0.75	1	FALSE	FALSE	TRUE	FALSE	TRUE	FALSE		1	0.995478568797078	0	45.6506434800785					FALSE
SLX-12456_SLX-12458.D711_D501	SLX-12456_SLX-12458.D711_D501:2:0.025	0.0323734496410859	0.481622887009696	0.0453951718238113	0.0777686214648972	1	0.202768930549959	0.307095629699854	24	0.96	80.999999	89499999	0.1975697898986	0.231331168535482	31.7404493082083	2	0.025	0	TRUE	TRUE	FALSE	TRUE	FALSE	FALSE	0.292636241364916	4.28179848800928	0.0323734496410859	0	27.5404493082083					FALSE
SLX-12456_SLX-12458.D711_D501	SLX-12456_SLX-12458.D711_D501:2:0.15	0	0.966179692619945	0.00452143120292241	0.00452143120292241	1	0	0.959126259379111	24	0.993333333333335	12.499999	12499999	0.0045189793289599	0.0040584412627551	72.9073433560989	2	0.15	0	FALSE	FALSE	FALSE	FALSE	TRUE	FALSE	0	0	0.001	0	72.9073433560989					FALSE
SLX-12456_SLX-12458.D711_D501	SLX-12456_SLX-12458.D711_D501:2:0.25	0	0.995478568797078	0.00452143120292241	0.00452143120292241	0.995478568797078	0	1	24	0.996	12.499999	12499999	0.0045189793289599	0.0040584412627551	83.0564249927563	2	0.25	0	FALSE	FALSE	FALSE	FALSE	TRUE	FALSE		1	0.001	0	82.0564249927563					FALSE
SLX-12456_SLX-12458.D711_D501	SLX-12456_SLX-12458.D711_D501:2:0.45	0.00452143120292241	0.995478568797078	0	0.00452143120292241	1	0	1	24	0.99777777777778	0	12499999	0.0045189793289599	0.0040584412627551	90.6572361530374	2	0.45	0	FALSE	FALSE	FALSE	FALSE	TRUE	FALSE		1	0.00452143120292241	0	89.6572361530374					FALSE
SLX-12456_SLX-12458.D711_D501	SLX-12456_SLX-12458.D711_D501:2:0.5	0.00452143120292241	0.995478568797078	0	0.00452143120292241	1	0	1	24	0.998	0	12499999	0.0045189793289599	0.0040584412627551	91.5282124963782	2	0.5	0	FALSE	FALSE	FALSE	FALSE	TRUE	FALSE		1	0.00452143120292241	0	90.5282124963782					FALSE
SLX-12456_SLX-12458.D711_D501	SLX-12456_SLX-12458.D711_D501:3.1:0.025	0.536977470759826	0.0323734496410859	0.00452143120292241	0.00452143120292241	1	0.198247499347037	0.307095629699854	24	1.0063	12.499999	89499999	0.210584451407177	0.231331168535482	21.190991016	3.1	0.025	1	FALSE	FALSE	FALSE	TRUE	FALSE	FALSE	0.286110909159314	2.04648630849923	0.536977470759826	0	19.190991016					FALSE
SLX-12456_SLX-12458.D711_D501	SLX-12456_SLX-12458.D711_D501:3.1:0.25	1	0	0	0.00452143120292241	1	0	0.970701123822867	24	1.0303	0	12499999	0.0045189793289599	0.0040584412627551	55.8378647073299	3.1	0.25	1	FALSE	FALSE	FALSE	FALSE	TRUE	FALSE	0	0	1	0	55.8378647073299					FALSE
SLX-12456_SLX-12458.D711_D501	SLX-12456_SLX-12458.D711_D501:3.1:0.55	0.995478568797078	0.00452143120292241	0	0	1	0	1	24	1.03175454545455	0	12499999	0.0045189793289599	0.0040584412627551	54.7589466390758	3.1	0.55	1	FALSE	FALSE	TRUE	FALSE	TRUE	FALSE		1	0.995478568797078	0	53.7589466390758					FALSE
SLX-12456_SLX-12458.D711_D501	SLX-12456_SLX-12458.D711_D501:3.1:0.6	0.995478568797078	0.00452143120292241	0	0	1	0	1	24	1.03185555555556	0	12499999	0.0045189793289599	0.0040584412627551	54.3449973017322	3.1	0.6	1	FALSE	FALSE	TRUE	FALSE	TRUE	FALSE		1	0.995478568797078	0	53.3449973017322					FALSE
SLX-12456_SLX-12458.D711_D501	SLX-12456_SLX-12458.D711_D501:3.1:0.65	0.995478568797078	0.00452143120292241	0	0	1	0	1	24	1.03194102564103	0	12499999	0.0045189793289599	0.0040584412627551	53.9629433361789	3.1	0.65	1	FALSE	FALSE	TRUE	FALSE	TRUE	FALSE		1	0.995478568797078	0	52.9629433361789					FALSE
SLX-12456_SLX-12458.D711_D501	SLX-12456_SLX-12458.D711_D501:3.1:0.7	0.995478568797078	0.00452143120292241	0	0	1	0	1	24	1.03201428571429	0	12499999	0.0045189793289599	0.0040584412627551	53.6354685085613	3.1	0.7	1	FALSE	FALSE	TRUE	FALSE	TRUE	FALSE		1	0.995478568797078	0	52.6354685085613					FALSE
SLX-12456_SLX-12458.D711_D501	SLX-12456_SLX-12458.D711_D501:3.1:0.75	0.995478568797078	0.00452143120292241	0	0	1	0	1	24	1.03207777777778	0	12499999	0.0045189793289599	0.0040584412627551	53.3937063044793	3.1	0.75	1	FALSE	FALSE	TRUE	FALSE	TRUE	FALSE		1	0.995478568797078	0	52.3937063044793					FALSE
SLX-12456_SLX-12458.D711_D501	SLX-12456_SLX-12458.D711_D501:3.2:0.025	0.426473684043528	0.043948314084842	0.00452143120292241	0.00452143120292241	1	0.0701726167980217	0.307095629699854	24	1.0396	12.499999	89499999	0.210584451407177	0.231331168535482	14.575783892484	3.2	0.025	1	FALSE	FALSE	FALSE	TRUE	FALSE	FALSE	0.101273162366727	0.256406335393938	0.426473684043528	0	14.375783892484					FALSE
SLX-12456_SLX-12458.D711_D501	SLX-12456_SLX-12458.D711_D501:3.2:0.05	0.692904371023576	0	0.00452143120292241	0.00452143120292241	1	0.0323734496410859	0.637895822197379	24	1.05293333333333	12.499999	247499999	0.0338019673617408	0.0495129867173006	24.1228120473455	3.2	0.05	1	FALSE	FALSE	FALSE	TRUE	FALSE	FALSE	0.0894036899478479	0.199825494407273	0.692904371023576	0	23.9228120473455					FALSE
SLX-12456_SLX-12458.D711_D501	SLX-12456_SLX-12458.D711_D501:3.2:0.075	0.725277820664661	0	0.00452143120292241	0.00452143120292241	1	0.0408737406208889	0.765970704746394	24	1.05737777777778	12.499999	12499999	0.0045189793289599	0.0040584412627551	25.0847021806198	3.2	0.075	1	FALSE	FALSE	FALSE	TRUE	TRUE	FALSE	0.17465223991123	0.762585122650244	0.725277820664661	0	24.2847021806198					FALSE
SLX-12456_SLX-12458.D711_D501	SLX-12456_SLX-12458.D711_D501:3.2:0.25	0.928561381640451	0	0	0.00452143120292241	1	0	0.970701123822867	24	1.0636	0	12499999	0.0045189793289599	0.0040584412627551	14.3422180126433	3.2	0.25	1	FALSE	FALSE	FALSE	FALSE	TRUE	FALSE	0	0	0.928561381640451	0	14.3422180126433					FALSE
SLX-12456_SLX-12458.D711_D501	SLX-12456_SLX-12458.D711_D501:3.2:0.5	0.995478568797078	0.00452143120292241	0	0	1	0	1	24	1.06493333333333	0	12499999	0.0045189793289599	0.0040584412627551	8.32538697004489	3.2	0.5	1	FALSE	FALSE	TRUE	FALSE	TRUE	FALSE		1	0.995478568797078	0	7.32538697004489					FALSE
SLX-12456_SLX-12458.D711_D501	SLX-12456_SLX-12458.D711_D501:3.2:0.55	0.995478568797078	0.00452143120292241	0	0	1	0	1	24	1.06505454545455	0	12499999	0.0045189793289599	0.0040584412627551	7.65574822370124	3.2	0.55	1	FALSE	FALSE	TRUE	FALSE	TRUE	FALSE		1	0.995478568797078	0	6.65574822370124					FALSE
SLX-12456_SLX-12458.D711_D501	SLX-12456_SLX-12458.D711_D501:3.2:0.6	0.995478568797078	0.00452143120292241	0	0	1	0	1	24	1.06515555555556	0	12499999	0.0045189793289599	0.0040584412627551	7.03441589372673	3.2	0.6	1	FALSE	FALSE	TRUE	FALSE	TRUE	FALSE		1	0.995478568797078	0	6.03441589372673					FALSE
SLX-12456_SLX-12458.D711_D501	SLX-12456_SLX-12458.D711_D501:3.2:0.65	0.995478568797078	0.00452143120292241	0	0	1	0	1	24	1.06524102564103	0	12499999	0.0045189793289599	0.0040584412627551	6.50867315297933	3.2	0.65	1	FALSE	FALSE	TRUE	FALSE	TRUE	FALSE		1	0.995478568797078	0	5.50867315297933					FALSE
SLX-12456_SLX-12458.D711_D501	SLX-12456_SLX-12458.D711_D501:3.2:0.7	0.995478568797078	0	0	0	1	0	1	24	1.06531428571429	0	12499999	0.0045189793289599	0.0040584412627551	6.17249332752391	3.2	0.7	1	FALSE	FALSE	TRUE	FALSE	TRUE	FALSE		1	0.995478568797078	0	5.17249332752391					FALSE
SLX-12456_SLX-12458.D711_D501	SLX-12456_SLX-12458.D711_D501:3.3:0.025	0.359403581347957	0.0408737406208889	0.00452143120292241	0.00452143120292241	1	0.109961214928541	0.145590094934451	24	1.0458	12.499999	241999999	0.210584451407177	0.231331168535482	20.6917649573191	3.3	0.025	1	FALSE	FALSE	FALSE	TRUE	FALSE	FALSE	0.128698431837708	0.41408215893713	0.359403581347957	0	20.2917649573191					FALSE
SLX-12456_SLX-12458.D711_D501	SLX-12456_SLX-12458.D711_D501:3.3:0.05	0.370978445429998	0	0.00452143120292241	0.00452143120292241	1	0.0323734496410859	0.637895822197379	24	1.08623333333333	12.499999	12499999	0.0338019673617408	0.0495129867173006	16.9127813150235	3.3	0.05	1	FALSE	FALSE	FALSE	TRUE	TRUE	FALSE	0.0894036899478479	0.199825494407273	0.370978445429998	0	16.7127813150235					FALSE
SLX-12456_SLX-12458.D711_D501	SLX-12456_SLX-12458.D711_D501:3.3:0.075	0.411852186050887	0	0.00452143120292241	0.00452143120292241	1	0.0408737406208889	0.765970704746394	24	1.09067777777778	12.499999	12499999	0.0045189793289599	0.0040584412627551	11.5944466682255	3.3	0.075	1	FALSE	FALSE	FALSE	TRUE	TRUE	FALSE	0.17465223991123	0.762585122650244	0.411852186050887	0	10.7944466682255					FALSE
SLX-12456_SLX-12458.D711_D501	SLX-12456_SLX-12458.D711_D501:3.3:0.15	0.380925594510485	0	0.00452143120292241	0.00452143120292241	0.995478568797078	0	0.959126259379111	24	1.09512222222222	12.499999	12499999	0.0045189793289599	0.0040584412627551	5.68211916940434	3.3	0.15	1	FALSE	FALSE	FALSE	FALSE	TRUE	FALSE	0	0	0.380925594510485	0	5.68211916940434					FALSE
SLX-12456_SLX-12458.D711_D501	SLX-12456_SLX-12458.D711_D501:3.3:0.25	0.233695521728647	0	0	0.00452143120292241	1	0	0.970701123822867	24	1.0969	0	12499999	0.0045189793289599	0.0040584412627551	1.81989427469385	3.3	0.25	1	FALSE	FALSE	FALSE	FALSE	TRUE	FALSE	0	0	0.233695521728647	0	1.81989427469385					FALSE
SLX-12456_SLX-12458.D711_D501	SLX-12456_SLX-12458.D711_D501:3.3:0.5	0.0732471902619748	0.00452143120292241	0	0	1	0	1	24	1.09823333333333	0	12499999	0.0045189793289599	0.0040584412627551	0.327206956629113	3.3	0.5	1	FALSE	FALSE	TRUE	FALSE	TRUE	FALSE		1	0.0732471902619748	1.35209030047217	-2.07279304337089					FALSE
SLX-12456_SLX-12458.D711_D501	SLX-12456_SLX-12458.D711_D501:3.3:0.55	0.0732471902619748	0.00452143120292241	0	0	1	0	1	24	1.09835454545455	0	12499999	0.0045189793289599	0.0040584412627551	0.124585990485854	3.3	0.55	1	FALSE	FALSE	TRUE	FALSE	TRUE	FALSE		1	0.0732471902619748	1.35209030047217	-2.27541400951415					FALSE
SLX-12456_SLX-12458.D711_D501	SLX-12456_SLX-12458.D711_D501:3.3:0.6	0.0732471902619748	0.00452143120292241	0	0	1	0	1	24	1.09845555555556	0	12499999	0.0045189793289599	0.0040584412627551	0	3.3	0.6	1	FALSE	FALSE	TRUE	FALSE	TRUE	FALSE		1	0.0732471902619748	1.35209030047217	-2.4					FALSE
SLX-12456_SLX-12458.D711_D501	SLX-12456_SLX-12458.D711_D501:3.3:0.65	0.0732471902619748	0	0	0	1	0	1	24	1.09854102564103	0	12499999	0.0045189793289599	0.0040584412627551	0	3.3	0.65	1	FALSE	FALSE	TRUE	FALSE	TRUE	FALSE		1	0.0732471902619748	1.35209030047217	-2.4					FALSE
SLX-12456_SLX-12458.D711_D501	SLX-12456_SLX-12458.D711_D501:3.3:0.7	0.0408737406208889	0	0	0	1	0	1	24	1.09861428571429	0	12499999	0.0045189793289599	0.0040584412627551	0	3.3	0.7	1	FALSE	FALSE	TRUE	FALSE	TRUE	FALSE		1	0.0408737406208889	3.8855561536712	-4.8					FALSE
SLX-12456_SLX-12458.D711_D501	SLX-12456_SLX-12458.D711_D501:3.4:0.025	0.290135249777719	0.0408737406208889	0.00452143120292241	0.00452143120292241	1	0.0963969202346304	0.234764986788066	24	1.0248	12.499999	197499999	0.210584451407177	0.231331168535482	21.0235856859824	3.4	0.025	1	FALSE	FALSE	FALSE	TRUE	FALSE	FALSE	0.125970347109474	0.396713208772036	0.290135249777719	0	20.6235856859824					FALSE
SLX-12456_SLX-12458.D711_D501	SLX-12456_SLX-12458.D711_D501:3.4:0.075	0.229174090525724	0	0.00452143120292241	0.00452143120292241	1	0	0.697425802226498	24	1.09591111111111	12.499999	12499999	0.0045189793289599	0.0040584412627551	5.25103383062339	3.4	0.075	1	FALSE	FALSE	FALSE	TRUE	TRUE	FALSE	0	0	0.229174090525724	0	5.25103383062339					FALSE
SLX-12456_SLX-12458.D711_D501	SLX-12456_SLX-12458.D711_D501:3.4:0.15	0.0732471902619748	0	0.00452143120292241	0.00452143120292241	0.995478568797078	0	0.959126259379111	24	1.12842222222222	12.499999	197499999	0.0045189793289599	0.0040584412627551	1.80758392379404	3.4	0.15	1	FALSE	FALSE	FALSE	FALSE	FALSE	TRUE	0	0	0.0732471902619748	1.35209030047217	0.407583923794042	FALSE				FALSE
SLX-12456_SLX-12458.D711_D501	SLX-12456_SLX-12458.D711_D501:3.4:0.25	0.0453951718238113	0	0	0	1	0	1	24	1.1302	0	12499999	0.0045189793289599	0.0040584412627551	0	3.4	0.25	1	FALSE	FALSE	TRUE	FALSE	TRUE	FALSE		1	0.0453951718238113	3.42990335728396	-4.4					FALSE
SLX-12456_SLX-12458.D711_D501	SLX-12456_SLX-12458.D711_D501:3.4:0.5	0	0.00452143120292241	0	0	1	0	1	24	1.13153333333333	0	12499999	0.0045189793289599	0.0040584412627551	0.143781522507266	3.4	0.5	1	FALSE	FALSE	TRUE	FALSE	TRUE	FALSE		1	0.001	20	-20.8562184774927					FALSE
SLX-12456_SLX-12458.D711_D501	SLX-12456_SLX-12458.D711_D501:3.4:0.55	0	0.00452143120292241	0	0	1	0	1	24	1.13165454545455	0	12499999	0.0045189793289599	0.0040584412627551	0	3.4	0.55	1	FALSE	FALSE	TRUE	FALSE	TRUE	FALSE		1	0.001	20	-21					FALSE
SLX-12456_SLX-12458.D711_D501	SLX-12456_SLX-12458.D711_D501:3.4:0.6	0	0	0	0	1	0	1	24	1.13175555555556	0	12499999	0.0045189793289599	0.0040584412627551	0	3.4	0.6	1	FALSE	FALSE	TRUE	FALSE	TRUE	FALSE		1	0.001	20	-21					FALSE
SLX-12456_SLX-12458.D711_D501	SLX-12456_SLX-12458.D711_D501:3.4:0.65	0	0	0	0	1	0	1	24	1.13184102564103	0	12499999	0.0045189793289599	0.0040584412627551	0	3.4	0.65	1	FALSE	FALSE	TRUE	FALSE	TRUE	FALSE		1	0.001	20	-21					FALSE
SLX-12456_SLX-12458.D711_D501	SLX-12456_SLX-12458.D711_D501:3.4:0.7	0	0	0	0	1	0	1	24	1.13191428571429	0	12499999	0.0045189793289599	0.0040584412627551	0	3.4	0.7	1	FALSE	FALSE	TRUE	FALSE	TRUE	FALSE		1	0.001	20	-21					FALSE
SLX-12456_SLX-12458.D711_D501	SLX-12456_SLX-12458.D711_D501:3.5:0.025	0.30767840424851	0.0408737406208889	0.00452143120292241	0.00452143120292241	1	0.307095629699854	0.202768930549959	24	0.97575	12.499999	169999999	0.210584451407177	0.231331168535482	16.1396081572916	3.5	0.025	2	FALSE	FALSE	FALSE	TRUE	FALSE	FALSE	0.385202786830297	2.47301978303045	0.30767840424851	0	13.7396081572916					FALSE
SLX-12456_SLX-12458.D711_D501	SLX-12456_SLX-12458.D711_D501:3.5:0.075	0.121716936273168	0	0.00452143120292241	0.00452143120292241	1	0.633374390994457	0.0453951718238113	24	0.988277777777777	12.499999	80999999	0.0045189793289599	0.0040584412627551	4.31121510233205	3.5	0.075	2	FALSE	FALSE	FALSE	TRUE	FALSE	FALSE	0.663493806337167	7.3370671841297	0.121716936273168	2.15678983430388	-5.28878489766795					FALSE
SLX-12456_SLX-12458.D711_D501	SLX-12456_SLX-12458.D711_D501:3.5:0.15	0.0408737406208889	0	0.00452143120292241	0.00452143120292241	0.995478568797078	0	0.126238367476091	24	1.07272222222222	12.499999	12499999	0.0045189793289599	0.0040584412627551	0.386582395420478	3.5	0.15	2	FALSE	FALSE	FALSE	FALSE	TRUE	FALSE	0	0	0.0408737406208889	6.89585611031101	-6.41341760457952					FALSE
SLX-12456_SLX-12458.D711_D501	SLX-12456_SLX-12458.D711_D501:3.5:0.3	0	0	0	0	1	0.00452143120292241	0.76615156128555	24	1.11494444444444	0	247499999	0.0045189793289599	0.0040584412627551	0	3.5	0.3	2	FALSE	FALSE	TRUE	FALSE	FALSE	FALSE	0.0193348787264879	0.00623062558946654	0.001	23.0102999566398	-23					FALSE
SLX-12456_SLX-12458.D711_D501	SLX-12456_SLX-12458.D711_D501:3.5:0.35	0	0.00452143120292241	0	0	1	0	0.924039950437528	24	1.12097619047619	0	247499999	0.0045189793289599	0.0040584412627551	0.0268056297576373	3.5	0.35	2	FALSE	FALSE	TRUE	FALSE	FALSE	FALSE	0	0	0.001	23.0102999566398	-22.9731943702424					FALSE
SLX-12456_SLX-12458.D711_D501	SLX-12456_SLX-12458.D711_D501:3.5:0.4	0	0.00452143120292241	0	0	1	0	0.924039950437528	24	1.1255	0	247499999	0.0045189793289599	0.0040584412627551	0.404668121522022	3.5	0.4	2	FALSE	FALSE	TRUE	FALSE	FALSE	FALSE	0	0	0.001	23.0102999566398	-22.595331878478					FALSE
SLX-12456_SLX-12458.D711_D501	SLX-12456_SLX-12458.D711_D501:3.5:0.45	0	0.00452143120292241	0	0	1	0	1	24	1.12901851851852	0	247499999	0.0045189793289599	0.0040584412627551	0.20572513440505	3.5	0.45	2	FALSE	FALSE	TRUE	FALSE	FALSE	FALSE		1	0.001	23.0102999566398	-23.794274865595					FALSE
SLX-12456_SLX-12458.D711_D501	SLX-12456_SLX-12458.D711_D501:3.5:0.5	0	0.00452143120292241	0	0	1	0	1	24	1.13183333333333	0	247499999	0.0045189793289599	0.0040584412627551	0	3.5	0.5	2	FALSE	FALSE	TRUE	FALSE	FALSE	FALSE		1	0.001	23.0102999566398	-24					FALSE
SLX-12456_SLX-12458.D711_D501	SLX-12456_SLX-12458.D711_D501:3.5:0.55	0	0	0	0	1	0	1	24	1.13413636363636	0	247499999	0.0045189793289599	0.0040584412627551	0	3.5	0.55	2	FALSE	FALSE	TRUE	FALSE	FALSE	FALSE		1	0.001	23.0102999566398	-24					FALSE
SLX-12456_SLX-12458.D711_D501	SLX-12456_SLX-12458.D711_D501:3.5:0.6	0	0	0	0	1	0	1	24	1.13605555555556	0	247499999	0.0045189793289599	0.0040584412627551	0	3.5	0.6	2	FALSE	FALSE	TRUE	FALSE	FALSE	FALSE		1	0.001	23.0102999566398	-24					FALSE
SLX-12456_SLX-12458.D711_D501	SLX-12456_SLX-12458.D711_D501:3.5:0.65	0	0	0	0	1	0	1	24	1.13767948717949	0	247499999	0.0045189793289599	0.0040584412627551	0	3.5	0.65	2	FALSE	FALSE	TRUE	FALSE	FALSE	FALSE		1	0.001	23.0102999566398	-24					FALSE
SLX-12456_SLX-12458.D711_D501	SLX-12456_SLX-12458.D711_D501:3.5:0.7	0	0	0	0	1	0	0.995478568797078	24	1.13907142857143	0	247499999	0.0045189793289599	0.0040584412627551	0	3.5	0.7	2	FALSE	FALSE	TRUE	FALSE	FALSE	FALSE	0	0	0.001	23.0102999566398	-23					FALSE
SLX-12456_SLX-12458.D711_D501	SLX-12456_SLX-12458.D711_D501:3.5:0.75	0	0	0	0	1	0	0.995478568797078	24	1.14027777777778	0	247499999	0.0045189793289599	0.0040584412627551	0	3.5	0.75	2	FALSE	FALSE	TRUE	FALSE	FALSE	FALSE	0	0	0.001	23.0102999566398	-23					FALSE
SLX-12456_SLX-12458.D711_D501	SLX-12456_SLX-12458.D711_D501:3.5:0.8	0	0	0	0	1	0	0.995478568797078	24	1.14133333333333	0	247499999	0.0045189793289599	0.0040584412627551	0	3.5	0.8	2	FALSE	FALSE	TRUE	FALSE	FALSE	FALSE	0	0	0.001	23.0102999566398	-23					FALSE
SLX-12456_SLX-12458.D711_D501	SLX-12456_SLX-12458.D711_D501:3.5:0.85	0	0	0	0	1	0	0.995478568797078	24	1.14226470588235	0	247499999	0.0045189793289599	0.0040584412627551	0	3.5	0.85	2	FALSE	FALSE	TRUE	FALSE	FALSE	FALSE	0	0	0.001	23.0102999566398	-23					FALSE
SLX-12456_SLX-12458.D711_D501	SLX-12456_SLX-12458.D711_D501:3.5:0.9	0	0	0	0	1	0	0.995478568797078	24	1.14309259259259	0	247499999	0.0045189793289599	0.0040584412627551	0	3.5	0.9	2	FALSE	FALSE	TRUE	FALSE	FALSE	FALSE	0	0	0.001	23.0102999566398	-23					FALSE
SLX-12456_SLX-12458.D711_D501	SLX-12456_SLX-12458.D711_D501:3.5:0.95	0	0	0	0	1	0	0.995478568797078	24	1.14383333333333	0	247499999	0.0045189793289599	0.0040584412627551	0	3.5	0.95	2	FALSE	FALSE	TRUE	FALSE	FALSE	FALSE	0	0	0.001	23.0102999566398	-23					FALSE
SLX-12456_SLX-12458.D711_D501	SLX-12456_SLX-12458.D711_D501:3.5:1	0	0	0	0	1	0	0.995478568797078	24	1.1445	0	247499999	0.0045189793289599	0.0040584412627551	0	3.5	1	2	FALSE	FALSE	TRUE	TRUE	FALSE	FALSE	0	0	0.001	23.0102999566398	-23					FALSE
SLX-12456_SLX-12458.D711_D501	SLX-12456_SLX-12458.D711_D501:3.6:0.025	0.155926900263749	0.0408737406208889	0.00452143120292241	0.00452143120292241	1	0.254116713884712	0.284669329139254	24	0.9552	12.499999	247499999	0.210584451407177	0.231331168535482	14.161073154437	3.6	0.025	2	FALSE	FALSE	FALSE	TRUE	FALSE	FALSE	0.355243699503249	2.10330143394591	0.155926900263749	1.08108950210129	10.961073154437					FALSE
SLX-12456_SLX-12458.D711_D501	SLX-12456_SLX-12458.D711_D501:3.6:0.05	0.121716936273168	0	0.00452143120292241	0.00452143120292241	1	0.160448331466672	0.247774447571817	24	0.936533333333333	12.499999	247499999	0.0338019673617408	0.0495129867173006	7.17525863062171	3.6	0.05	2	FALSE	FALSE	FALSE	TRUE	FALSE	FALSE	0.213298166951049	0.758268467077961	0.121716936273168	2.15678983430388	4.17525863062171					FALSE
SLX-12456_SLX-12458.D711_D501	SLX-12456_SLX-12458.D711_D501:3.6:0.15	0	0	0.00452143120292241	0.00452143120292241	0.995478568797078	0	0.538452269499007	24	0.903733333333333	12.499999	241999999	0.0045189793289599	0.0040584412627551	0.213411567998206	3.6	0.15	2	FALSE	FALSE	FALSE	FALSE	FALSE	TRUE	0	0	0.001	23.0102999566398	-22.7865884320018	FALSE				FALSE
SLX-12456_SLX-12458.D711_D501	SLX-12456_SLX-12458.D711_D501:3.6:0.2	0.00452143120292241	0	0	0.00452143120292241	1	0	0.453268499182961	24	0.9	0	241999999	0.0045189793289599	0.0040584412627551	0.193517269286509	3.6	0.2	2	FALSE	FALSE	FALSE	FALSE	FALSE	TRUE	0	0	0.00452143120292241	16.457540685634	-16.2064827307135	FALSE				FALSE
SLX-12456_SLX-12458.D711_D501	SLX-12456_SLX-12458.D711_D501:3.6:0.25	0	0	0	0	1	0.00452143120292241	0.481120517621125	24	0.9	0	89499999	0.0045189793289599	0.0040584412627551	0	3.6	0.25	2	FALSE	FALSE	TRUE	FALSE	FALSE	FALSE	0.00871383694377986	0.00126551590471304	0.001	23.0102999566398	-23					FALSE
SLX-12456_SLX-12458.D711_D501	SLX-12456_SLX-12458.D711_D501:3.6:0.3	0	0	0	0	1	0	0.485641948824047	24	0.9	0	241999999	0.0045189793289599	0.0040584412627551	0	3.6	0.3	2	FALSE	FALSE	TRUE	FALSE	FALSE	FALSE	0	0	0.001	23.0102999566398	-23					FALSE
SLX-12456_SLX-12458.D711_D501	SLX-12456_SLX-12458.D711_D501:3.6:0.35	0	0.00452143120292241	0	0	1	0	0.497216813267803	24	0.9	0	241999999	0.0045189793289599	0.0040584412627551	0.19997645717991	3.6	0.35	2	FALSE	FALSE	TRUE	FALSE	FALSE	FALSE	0	0	0.001	23.0102999566398	-22.8000235428201					FALSE
SLX-12456_SLX-12458.D711_D501	SLX-12456_SLX-12458.D711_D501:3.6:0.4	0	0.00452143120292241	0	0	1	0	0.521994258242014	24	0.9	0	80999999	0.0045189793289599	0.0040584412627551	0.326447356132849	3.6	0.4	2	FALSE	FALSE	TRUE	FALSE	FALSE	FALSE	0	0	0.001	23.0102999566398	-22.6735526438672					FALSE
SLX-12456_SLX-12458.D711_D501	SLX-12456_SLX-12458.D711_D501:3.6:0.45	0	0.00452143120292241	0	0	1	0.00452143120292241	0.521994258242014	24	0.9	0	80999999	0.0045189793289599	0.0040584412627551	0.0325543069827772	3.6	0.45	2	FALSE	FALSE	TRUE	FALSE	FALSE	FALSE	0.00945894747266782	0.00149119478817815	0.001	23.0102999566398	-22.9674456930172					FALSE
SLX-12456_SLX-12458.D711_D501	SLX-12456_SLX-12458.D711_D501:3.6:0.5	0	0	0	0	1	0.00452143120292241	0.521994258242014	24	0.9	0	80999999	0.0045189793289599	0.0040584412627551	0	3.6	0.5	2	FALSE	FALSE	TRUE	FALSE	FALSE	FALSE	0.00945894747266782	0.00149119478817815	0.001	23.0102999566398	-23					FALSE
SLX-12456_SLX-12458.D711_D501	SLX-12456_SLX-12458.D711_D501:3.6:0.75	0	0	0	0	1	0	0.416373617253809	24	0.898933333333332	0	158999999	0.0045189793289599	0.0040584412627551	0	3.6	0.75	2	FALSE	FALSE	TRUE	FALSE	FALSE	FALSE	0	0	0.001	23.0102999566398	-23					FALSE
SLX-12456_SLX-12458.D711_D501	SLX-12456_SLX-12458.D711_D501:3.6:0.8	0	0	0	0	1	0	0.416373617253809	24	0.898975	0	12499999	0.0045189793289599	0.0040584412627551	0	3.6	0.8	2	FALSE	FALSE	TRUE	FALSE	TRUE	FALSE	0	0	0.001	23.0102999566398	-23					FALSE
SLX-12456_SLX-12458.D711_D501	SLX-12456_SLX-12458.D711_D501:3.6:0.85	0	0	0	0	1	0	0.416373617253809	24	0.899011764705883	0	12499999	0.0045189793289599	0.0040584412627551	0	3.6	0.85	2	FALSE	FALSE	TRUE	FALSE	TRUE	FALSE	0	0	0.001	23.0102999566398	-23					FALSE
SLX-12456_SLX-12458.D711_D501	SLX-12456_SLX-12458.D711_D501:3.6:0.9	0	0	0	0	1	0	0.416373617253809	24	0.899044444444445	0	12499999	0.0045189793289599	0.0040584412627551	0	3.6	0.9	2	FALSE	FALSE	TRUE	FALSE	TRUE	FALSE	0	0	0.001	23.0102999566398	-23					FALSE
SLX-12456_SLX-12458.D711_D501	SLX-12456_SLX-12458.D711_D501:3.6:0.95	0	0	0	0	1	0	0.416373617253809	24	0.899073684210527	0	12499999	0.0045189793289599	0.0040584412627551	0	3.6	0.95	2	FALSE	FALSE	TRUE	FALSE	TRUE	FALSE	0	0	0.001	23.0102999566398	-23					FALSE
SLX-12456_SLX-12458.D711_D501	SLX-12456_SLX-12458.D711_D501:3.6:1	0.00452143120292241	0	0	0	1	0	0.416373617253809	24	0.8991	0	12499999	0.0045189793289599	0.0040584412627551	0	3.6	1	2	FALSE	FALSE	TRUE	TRUE	TRUE	FALSE	0	0	0.00452143120292241	16.457540685634	-16.4					FALSE
SLX-12456_SLX-12458.D711_D501	SLX-12456_SLX-12458.D711_D501:3.7:0.025	0.155926900263749	0.0292988761771328	0.00452143120292241	0.00452143120292241	1	0.22319012234431	0.163494963930414	24	0.96585	12.499999	247499999	0.210584451407177	0.231331168535482	14.6080037437511	3.7	0.025	2	FALSE	FALSE	FALSE	TRUE	FALSE	FALSE	0.266812646332644	1.18648313738381	0.155926900263749	1.08108950210129	12.4080037437511					FALSE
SLX-12456_SLX-12458.D711_D501	SLX-12456_SLX-12458.D711_D501:3.7:0.05	0.0732471902619748	0	0.00452143120292241	0.00452143120292241	1	0.0853646268552018	0.304021056235901	24	0.935425	12.499999	80999999	0.0338019673617408	0.0495129867173006	11.0091793639834	3.7	0.05	2	FALSE	FALSE	FALSE	TRUE	FALSE	FALSE	0.122654036620016	0.250733544986403	0.0732471902619748	4.36239025711198	6.40917936398338					FALSE
SLX-12456_SLX-12458.D711_D501	SLX-12456_SLX-12458.D711_D501:3.7:0.2	0.00452143120292241	0	0	0.00452143120292241	1	0	0.453268499182961	24	0.925	0	241999999	0.0045189793289599	0.0040584412627551	0.366688096708784	3.7	0.2	2	FALSE	FALSE	FALSE	FALSE	FALSE	TRUE	0	0	0.00452143120292241	16.457540685634	-16.0333119032912	FALSE				FALSE
SLX-12456_SLX-12458.D711_D501	SLX-12456_SLX-12458.D711_D501:3.7:0.3	0	0	0	0	1	0	0.387074741076677	24	0.922908333333332	0	158999999	0.0045189793289599	0.0040584412627551	0	3.7	0.3	2	FALSE	FALSE	TRUE	FALSE	FALSE	FALSE	0	0	0.001	23.0102999566398	-23					FALSE
SLX-12456_SLX-12458.D711_D501	SLX-12456_SLX-12458.D711_D501:3.7:0.35	0	0.00452143120292241	0	0	1	0	0.416373617253809	24	0.923146428571427	0	12499999	0.0045189793289599	0.0040584412627551	0.373147284602183	3.7	0.35	2	FALSE	FALSE	TRUE	FALSE	TRUE	FALSE	0	0	0.001	23.0102999566398	-22.6268527153978					FALSE
SLX-12456_SLX-12458.D711_D501	SLX-12456_SLX-12458.D711_D501:3.7:0.7	0	0	0	0	1	0	0.416373617253809	24	0.923860714285715	0	12499999	0.0045189793289599	0.0040584412627551	0	3.7	0.7	2	FALSE	FALSE	TRUE	FALSE	TRUE	FALSE	0	0	0.001	23.0102999566398	-23					FALSE
SLX-12456_SLX-12458.D711_D501	SLX-12456_SLX-12458.D711_D501:3.7:0.75	0	0	0	0	1	0	0.416373617253809	24	0.923908333333333	0	12499999	0.0045189793289599	0.0040584412627551	0	3.7	0.75	2	FALSE	FALSE	TRUE	FALSE	TRUE	FALSE	0	0	0.001	23.0102999566398	-23					FALSE
SLX-12456_SLX-12458.D711_D501	SLX-12456_SLX-12458.D711_D501:3.7:0.8	0	0	0	0	1	0	0.416373617253809	24	0.92395	0	12499999	0.0045189793289599	0.0040584412627551	0	3.7	0.8	2	FALSE	FALSE	TRUE	FALSE	TRUE	FALSE	0	0	0.001	23.0102999566398	-23					FALSE
SLX-12456_SLX-12458.D711_D501	SLX-12456_SLX-12458.D711_D501:3.7:0.85	0.00452143120292241	0	0	0	1	0	0.416373617253809	24	0.923986764705882	0	12499999	0.0045189793289599	0.0040584412627551	0	3.7	0.85	2	FALSE	FALSE	TRUE	FALSE	TRUE	FALSE	0	0	0.00452143120292241	16.457540685634	-16.4					FALSE
SLX-12456_SLX-12458.D711_D501	SLX-12456_SLX-12458.D711_D501:3.7:0.9	0.00452143120292241	0	0	0	1	0	0.416373617253809	24	0.924019444444445	0	12499999	0.0045189793289599	0.0040584412627551	0	3.7	0.9	2	FALSE	FALSE	TRUE	FALSE	TRUE	FALSE	0	0	0.00452143120292241	16.457540685634	-16.4					FALSE
SLX-12456_SLX-12458.D711_D501	SLX-12456_SLX-12458.D711_D501:3.7:0.95	0.00452143120292241	0	0	0	1	0	0.416373617253809	24	0.924048684210528	0	12499999	0.0045189793289599	0.0040584412627551	0.0216314802977632	3.7	0.95	2	FALSE	FALSE	TRUE	FALSE	TRUE	FALSE	0	0	0.00452143120292241	16.457540685634	-16.3783685197022					FALSE
SLX-12456_SLX-12458.D711_D501	SLX-12456_SLX-12458.D711_D501:3.7:1	0.00452143120292241	0	0	0	1	0	0.416373617253809	24	0.924075	0	12499999	0.0045189793289599	0.0040584412627551	0.0773164790840959	3.7	1	2	FALSE	FALSE	TRUE	TRUE	TRUE	FALSE	0	0	0.00452143120292241	16.457540685634	-16.3226835209159					FALSE
SLX-12456_SLX-12458.D711_D501	SLX-12456_SLX-12458.D711_D501:3.8:0.025	0.121716936273168	0.0292988761771328	0.00452143120292241	0.00452143120292241	1	0.239286417990988	0.158973532727491	24	0.9909	12.499999	133999999	0.210584451407177	0.231331168535482	18.2417878320725	3.8	0.025	2	FALSE	FALSE	FALSE	TRUE	FALSE	FALSE	0.284517107727901	1.34916640983083	0.121716936273168	2.15678983430388	14.6417878320725					FALSE
SLX-12456_SLX-12458.D711_D501	SLX-12456_SLX-12458.D711_D501:3.8:0.075	0	0	0.00452143120292241	0.00452143120292241	1	0.0408737406208889	0.297341598919212	24	0.95	12.499999	241999999	0.0045189793289599	0.0040584412627551	14.1094526180356	3.8	0.075	2	FALSE	FALSE	FALSE	TRUE	FALSE	FALSE	0.0581701443518206	0.0563960948985274	0.001	23.0102999566398	-8.89054738196437					FALSE
SLX-12456_SLX-12458.D711_D501	SLX-12456_SLX-12458.D711_D501:3.8:0.2	0.00452143120292241	0	0	0.00452143120292241	1	0	0.375499876632921	24	0.94705	0	12499999	0.0045189793289599	0.0040584412627551	6.97698481537049	3.8	0.2	2	FALSE	FALSE	FALSE	FALSE	TRUE	FALSE	0	0	0.00452143120292241	16.457540685634	-9.42301518462951					FALSE
SLX-12456_SLX-12458.D711_D501	SLX-12456_SLX-12458.D711_D501:3.8:0.3	0	0.00452143120292241	0	0	1	0	0.387074741076677	24	0.947883333333333	0	12499999	0.0045189793289599	0.0040584412627551	4.78710481324202	3.8	0.3	2	FALSE	FALSE	TRUE	FALSE	TRUE	FALSE	0	0	0.001	23.0102999566398	-18.212895186758					FALSE
SLX-12456_SLX-12458.D711_D501	SLX-12456_SLX-12458.D711_D501:3.8:0.7	0	0	0	0	1	0	0.416373617253809	24	0.948835714285715	0	12499999	0.0045189793289599	0.0040584412627551	2.60979869687928	3.8	0.7	2	FALSE	FALSE	TRUE	FALSE	TRUE	FALSE	0	0	0.001	23.0102999566398	-20.3902013031207					FALSE
SLX-12456_SLX-12458.D711_D501	SLX-12456_SLX-12458.D711_D501:3.8:0.75	0.00452143120292241	0	0	0	1	0	0.416373617253809	24	0.948883333333333	0	12499999	0.0045189793289599	0.0040584412627551	2.50305846387817	3.8	0.75	2	FALSE	FALSE	TRUE	FALSE	TRUE	FALSE	0	0	0.00452143120292241	16.457540685634	-13.8969415361218					FALSE
SLX-12456_SLX-12458.D711_D501	SLX-12456_SLX-12458.D711_D501:3.8:0.8	0.00452143120292241	0	0	0	1	0	0.416373617253809	24	0.948925	0	12499999	0.0045189793289599	0.0040584412627551	2.40966076000213	3.8	0.8	2	FALSE	FALSE	TRUE	FALSE	TRUE	FALSE	0	0	0.00452143120292241	16.457540685634	-13.9903392399979					FALSE
SLX-12456_SLX-12458.D711_D501	SLX-12456_SLX-12458.D711_D501:3.8:0.85	0.00452143120292241	0	0	0	1	0	0.416373617253809	24	0.948961764705883	0	12499999	0.0045189793289599	0.0040584412627551	2.39102980245157	3.8	0.85	2	FALSE	FALSE	TRUE	FALSE	TRUE	FALSE	0	0	0.00452143120292241	16.457540685634	-14.0089701975484					FALSE
SLX-12456_SLX-12458.D711_D501	SLX-12456_SLX-12458.D711_D501:3.8:0.9	0.00452143120292241	0	0	0	1	0	0.416373617253809	24	0.948994444444445	0	12499999	0.0045189793289599	0.0040584412627551	2.38692800705483	3.8	0.9	2	FALSE	FALSE	TRUE	FALSE	TRUE	FALSE	0	0	0.00452143120292241	16.457540685634	-14.0130719929452					FALSE
SLX-12456_SLX-12458.D711_D501	SLX-12456_SLX-12458.D711_D501:3.8:0.95	0.00452143120292241	0	0	0	1	0	0.416373617253809	24	0.949023684210528	0	12499999	0.0045189793289599	0.0040584412627551	2.38325797959454	3.8	0.95	2	FALSE	FALSE	TRUE	FALSE	TRUE	FALSE	0	0	0.00452143120292241	16.457540685634	-14.0167420204055					FALSE
SLX-12456_SLX-12458.D711_D501	SLX-12456_SLX-12458.D711_D501:3.8:1	0.00452143120292241	0	0	0	1	0	0.416373617253809	24	0.94905	0	12499999	0.0045189793289599	0.0040584412627551	2.37995495488032	3.8	1	2	FALSE	FALSE	TRUE	TRUE	TRUE	FALSE	0	0	0.00452143120292241	16.457540685634	-14.0200450451197					FALSE
SLX-12456_SLX-12458.D711_D501	SLX-12456_SLX-12458.D711_D501:3.9:0.025	0.0808431956522794	0	0.00452143120292241	0.00452143120292241	1	0.148330894873445	0.142515521832213	24	0.975	12.499999	89499999	0.210584451407177	0.231331168535482	27.0906091275005	3.9	0.025	2	FALSE	FALSE	FALSE	TRUE	FALSE	FALSE	0.172983766645418	0.498723058713942	0.0808431956522794	3.93386523246242	22.6906091275005					FALSE
SLX-12456_SLX-12458.D711_D501	SLX-12456_SLX-12458.D711_D501:3.9:0.05	0.0408737406208889	0	0.00452143120292241	0.00452143120292241	1	0.0323734496410859	0.145590094934451	24	0.975	12.499999	241999999	0.0338019673617408	0.0495129867173006	32.6181315101895	3.9	0.05	2	FALSE	FALSE	FALSE	TRUE	FALSE	FALSE	0.0378898341991978	0.0239273255940449	0.0408737406208889	6.89585611031101	25.8181315101895					FALSE
SLX-12456_SLX-12458.D711_D501	SLX-12456_SLX-12458.D711_D501:3.9:0.075	0	0	0.00452143120292241	0.00452143120292241	1	0.0408737406208889	0.297341598919212	24	0.975	12.499999	241999999	0.0045189793289599	0.0040584412627551	34.219827528043	3.9	0.075	2	FALSE	FALSE	FALSE	TRUE	FALSE	FALSE	0.0581701443518206	0.0563960948985274	0.001	23.0102999566398	11.219827528043					FALSE
SLX-12456_SLX-12458.D711_D501	SLX-12456_SLX-12458.D711_D501:3.9:0.2	0.00452143120292241	0	0	0.00452143120292241	1	0	0.375499876632921	24	0.972025	0	12499999	0.0045189793289599	0.0040584412627551	41.83345745027	3.9	0.2	2	FALSE	FALSE	FALSE	FALSE	TRUE	FALSE	0	0	0.00452143120292241	16.457540685634	25.43345745027					FALSE
SLX-12456_SLX-12458.D711_D501	SLX-12456_SLX-12458.D711_D501:3.9:0.3	0	0.00452143120292241	0	0	1	0	0.387074741076677	24	0.972858333333333	0	12499999	0.0045189793289599	0.0040584412627551	42.9859275962567	3.9	0.3	2	FALSE	FALSE	TRUE	FALSE	TRUE	FALSE	0	0	0.001	23.0102999566398	19.9859275962567					FALSE
SLX-12456_SLX-12458.D711_D501	SLX-12456_SLX-12458.D711_D501:3.9:0.7	0.00452143120292241	0	0	0	1	0	0.416373617253809	24	0.973810714285715	0	12499999	0.0045189793289599	0.0040584412627551	45.2022999750995	3.9	0.7	2	FALSE	FALSE	TRUE	FALSE	TRUE	FALSE	0	0	0.00452143120292241	16.457540685634	28.8022999750995					FALSE
SLX-12456_SLX-12458.D711_D501	SLX-12456_SLX-12458.D711_D501:3.9:0.75	0.00452143120292241	0	0	0	1	0	0.416373617253809	24	0.973858333333333	0	12499999	0.0045189793289599	0.0040584412627551	45.4563346361789	3.9	0.75	2	FALSE	FALSE	TRUE	FALSE	TRUE	FALSE	0	0	0.00452143120292241	16.457540685634	29.0563346361789					FALSE
SLX-12456_SLX-12458.D711_D501	SLX-12456_SLX-12458.D711_D501:3.9:0.8	0.00452143120292241	0	0	0	1	0	0.416373617253809	24	0.9739	0	12499999	0.0045189793289599	0.0040584412627551	45.7046697137893	3.9	0.8	2	FALSE	FALSE	TRUE	FALSE	TRUE	FALSE	0	0	0.00452143120292241	16.457540685634	29.3046697137893					FALSE
SLX-12456_SLX-12458.D711_D501	SLX-12456_SLX-12458.D711_D501:3.9:0.85	0.00452143120292241	0	0	0	1	0	0.416373617253809	24	0.973936764705883	0	12499999	0.0045189793289599	0.0040584412627551	45.923788899916	3.9	0.85	2	FALSE	FALSE	TRUE	FALSE	TRUE	FALSE	0	0	0.00452143120292241	16.457540685634	29.523788899916					FALSE
SLX-12456_SLX-12458.D711_D501	SLX-12456_SLX-12458.D711_D501:3.9:0.9	0.00452143120292241	0	0	0	1	0	0.416373617253809	24	0.973969444444445	0	12499999	0.0045189793289599	0.0040584412627551	46.1185615098059	3.9	0.9	2	FALSE	FALSE	TRUE	FALSE	TRUE	FALSE	0	0	0.00452143120292241	16.457540685634	29.7185615098059					FALSE
SLX-12456_SLX-12458.D711_D501	SLX-12456_SLX-12458.D711_D501:3.9:0.95	0.00452143120292241	0	0	0	1	0	0.416373617253809	24	0.973998684210527	0	12499999	0.0045189793289599	0.0040584412627551	46.2928317397078	3.9	0.95	2	FALSE	FALSE	TRUE	FALSE	TRUE	FALSE	0	0	0.00452143120292241	16.457540685634	29.8928317397078					FALSE
SLX-12456_SLX-12458.D711_D501	SLX-12456_SLX-12458.D711_D501:3.9:1	0.00452143120292241	0	0	0	1	0	0.416373617253809	24	0.974025	0	12499999	0.0045189793289599	0.0040584412627551	46.4496749466193	3.9	1	2	FALSE	FALSE	TRUE	TRUE	TRUE	FALSE	0	0	0.00452143120292241	16.457540685634	30.0496749466193					FALSE
SLX-12456_SLX-12458.D711_D501	SLX-12456_SLX-12458.D711_D501:3:0.025	0.481622887009696	0.0323734496410859	0.00452143120292241	0.00452143120292241	1	0.136756030429689	0.391194256078672	24	1	12.499999	247499999	0.210584451407177	0.231331168535482	32.0451937930193	3	0.025	1	FALSE	FALSE	FALSE	TRUE	FALSE	FALSE	0.224629993713333	1.2614658518913	0.481622887009696	0	30.8451937930193					FALSE
SLX-12456_SLX-12458.D711_D501	SLX-12456_SLX-12458.D711_D501:3:0.1	0.922231378535103	0	0.00452143120292241	0.00452143120292241	1	0	0.806844445367283	24	0.993	12.499999	12499999	0.0045189793289599	0.0040584412627551	60.7538693090736	3	0.1	1	FALSE	FALSE	FALSE	FALSE	TRUE	FALSE	0	0	0.922231378535103	0	60.7538693090736					FALSE
SLX-12456_SLX-12458.D711_D501	SLX-12456_SLX-12458.D711_D501:3:0.25	1	0	0	0.00452143120292241	1	0	0.970701123822867	24	0.997	0	12499999	0.0045189793289599	0.0040584412627551	81.0243853158332	3	0.25	1	FALSE	FALSE	FALSE	FALSE	TRUE	FALSE	0	0	1	0	81.0243853158332					FALSE
SLX-12456_SLX-12458.D711_D501	SLX-12456_SLX-12458.D711_D501:3:0.55	0.995478568797078	0.00452143120292241	0	0	1	0	1	24	0.998454545454547	0	12499999	0.0045189793289599	0.0040584412627551	90.1561768062574	3	0.55	1	FALSE	FALSE	TRUE	FALSE	TRUE	FALSE		1	0.995478568797078	0	89.1561768062574					FALSE
SLX-12456_SLX-12458.D711_D501	SLX-12456_SLX-12458.D711_D501:3:0.6	0.995478568797078	0.00452143120292241	0	0	1	0	1	24	0.998555555555557	0	12499999	0.0045189793289599	0.0040584412627551	90.9473231432791	3	0.6	1	FALSE	FALSE	TRUE	FALSE	TRUE	FALSE		1	0.995478568797078	0	89.9473231432791					FALSE
SLX-12456_SLX-12458.D711_D501	SLX-12456_SLX-12458.D711_D501:3:0.65	0.995478568797078	0.00452143120292241	0	0	1	0	1	24	0.998641025641027	0	12499999	0.0045189793289599	0.0040584412627551	91.4087688090529	3	0.65	1	FALSE	FALSE	TRUE	FALSE	TRUE	FALSE		1	0.995478568797078	0	90.4087688090529					FALSE
SLX-12456_SLX-12458.D711_D501	SLX-12456_SLX-12458.D711_D501:3:0.7	0.995478568797078	0.00452143120292241	0	0	1	0	1	24	0.998714285714287	0	12499999	0.0045189793289599	0.0040584412627551	91.7500364871259	3	0.7	1	FALSE	FALSE	TRUE	FALSE	TRUE	FALSE		1	0.995478568797078	0	90.7500364871259					FALSE
SLX-12456_SLX-12458.D711_D501	SLX-12456_SLX-12458.D711_D501:3:0.75	0.995478568797078	0.00452143120292241	0	0	1	0	1	24	0.998777777777777	0	12499999	0.0045189793289599	0.0040584412627551	92.0458018081218	3	0.75	1	FALSE	FALSE	TRUE	FALSE	TRUE	FALSE		1	0.995478568797078	0	91.0458018081218					FALSE
SLX-12456_SLX-12458.D711_D501	SLX-12456_SLX-12458.D711_D501:4.1:0.025	0.0323734496410859	0	0.00452143120292241	0.00452143120292241	1	0.198247499347037	0.0678214723844105	24	1.004475	12.499999	89499999	0.210584451407177	0.231331168535482	21.3794442819781	4.1	0.025	2	FALSE	FALSE	FALSE	TRUE	FALSE	FALSE	0.212671171319653	0.753817118507884	0.0323734496410859	7.90841016364434	12.5794442819781					FALSE
SLX-12456_SLX-12458.D711_D501	SLX-12456_SLX-12458.D711_D501:4.1:0.1	0	0	0.00452143120292241	0.00452143120292241	1	0	0.294656680980641	24	1.019475	12.499999	158999999	0.0045189793289599	0.0040584412627551	49.1285760515932	4.1	0.1	2	FALSE	FALSE	FALSE	FALSE	FALSE	TRUE	0	0	0.001	23.0102999566398	26.1285760515932	TRUE	TRUE	FALSE	TRUE	FALSE
SLX-12456_SLX-12458.D711_D501	SLX-12456_SLX-12458.D711_D501:4.1:0.3	0	0.00452143120292241	0	0	1	0	0.387074741076677	24	1.02280833333333	0	12499999	0.0045189793289599	0.0040584412627551	55.8547688876406	4.1	0.3	2	FALSE	FALSE	TRUE	FALSE	TRUE	FALSE	0	0	0.001	23.0102999566398	32.8547688876406					FALSE
SLX-12456_SLX-12458.D711_D501	SLX-12456_SLX-12458.D711_D501:4.1:0.7	0.00452143120292241	0	0	0	1	0	0.416373617253809	24	1.02376071428572	0	12499999	0.0045189793289599	0.0040584412627551	54.8543222664564	4.1	0.7	2	FALSE	FALSE	TRUE	FALSE	TRUE	FALSE	0	0	0.00452143120292241	16.457540685634	38.4543222664564					FALSE
SLX-12456_SLX-12458.D711_D501	SLX-12456_SLX-12458.D711_D501:4.1:0.75	0.00452143120292241	0	0	0	1	0	0.416373617253809	24	1.02380833333333	0	12499999	0.0045189793289599	0.0040584412627551	54.7720374114622	4.1	0.75	2	FALSE	FALSE	TRUE	FALSE	TRUE	FALSE	0	0	0.00452143120292241	16.457540685634	38.3720374114622					FALSE
SLX-12456_SLX-12458.D711_D501	SLX-12456_SLX-12458.D711_D501:4.1:0.8	0.00452143120292241	0	0	0	1	0	0.416373617253809	24	1.02385	0	12499999	0.0045189793289599	0.0040584412627551	54.5933323793427	4.1	0.8	2	FALSE	FALSE	TRUE	FALSE	TRUE	FALSE	0	0	0.00452143120292241	16.457540685634	38.1933323793427					FALSE
SLX-12456_SLX-12458.D711_D501	SLX-12456_SLX-12458.D711_D501:4.1:0.85	0.00452143120292241	0	0	0	1	0	0.416373617253809	24	1.02388676470588	0	12499999	0.0045189793289599	0.0040584412627551	54.3742131932163	4.1	0.85	2	FALSE	FALSE	TRUE	FALSE	TRUE	FALSE	0	0	0.00452143120292241	16.457540685634	37.9742131932163					FALSE
SLX-12456_SLX-12458.D711_D501	SLX-12456_SLX-12458.D711_D501:4.1:0.9	0.00452143120292241	0	0	0	1	0	0.416373617253809	24	1.02391944444445	0	12499999	0.0045189793289599	0.0040584412627551	54.1794405833261	4.1	0.9	2	FALSE	FALSE	TRUE	FALSE	TRUE	FALSE	0	0	0.00452143120292241	16.457540685634	37.7794405833261					FALSE
SLX-12456_SLX-12458.D711_D501	SLX-12456_SLX-12458.D711_D501:4.1:0.95	0.00452143120292241	0	0	0	1	0	0.416373617253809	24	1.02394868421053	0	12499999	0.0045189793289599	0.0040584412627551	54.0051703534242	4.1	0.95	2	FALSE	FALSE	TRUE	FALSE	TRUE	FALSE	0	0	0.00452143120292241	16.457540685634	37.6051703534242					FALSE
SLX-12456_SLX-12458.D711_D501	SLX-12456_SLX-12458.D711_D501:4.1:1	0.00452143120292241	0	0	0	1	0	0.416373617253809	24	1.023975	0	12499999	0.0045189793289599	0.0040584412627551	53.8483271465127	4.1	1	2	FALSE	FALSE	TRUE	TRUE	TRUE	FALSE	0	0	0.00452143120292241	16.457540685634	37.4483271465127					FALSE
SLX-12456_SLX-12458.D711_D501	SLX-12456_SLX-12458.D711_D501:4.2:0.025	0.043948314084842	0	0.00452143120292241	0.00452143120292241	1	0.0701726167980217	0.0633000411814881	24	1.02945	12.499999	89499999	0.210584451407177	0.231331168535482	14.917308305667	4.2	0.025	2	FALSE	FALSE	FALSE	TRUE	FALSE	FALSE	0.074914721771241	0.093536925634374	0.043948314084842	6.58087776042443	8.31730830566701					FALSE
SLX-12456_SLX-12458.D711_D501	SLX-12456_SLX-12458.D711_D501:4.2:0.1	0	0	0.00452143120292241	0.00452143120292241	1	0	0.294656680980641	24	1.04445	12.499999	12499999	0.0045189793289599	0.0040584412627551	23.8331166118845	4.2	0.1	2	FALSE	FALSE	FALSE	FALSE	TRUE	FALSE	0	0	0.001	23.0102999566398	0.833116611884513					FALSE
SLX-12456_SLX-12458.D711_D501	SLX-12456_SLX-12458.D711_D501:4.2:0.3	0	0.00452143120292241	0	0	1	0	0.387074741076677	24	1.04778333333333	0	12499999	0.0045189793289599	0.0040584412627551	13.6587524496717	4.2	0.3	2	FALSE	FALSE	TRUE	FALSE	TRUE	FALSE	0	0	0.001	23.0102999566398	-9.3412475503283					FALSE
SLX-12456_SLX-12458.D711_D501	SLX-12456_SLX-12458.D711_D501:4.2:0.7	0.00452143120292241	0	0	0	1	0	0.416373617253809	24	1.04873571428572	0	12499999	0.0045189793289599	0.0040584412627551	8.10843320696894	4.2	0.7	2	FALSE	FALSE	TRUE	FALSE	TRUE	FALSE	0	0	0.00452143120292241	16.457540685634	-8.29156679303106					FALSE
SLX-12456_SLX-12458.D711_D501	SLX-12456_SLX-12458.D711_D501:4.2:0.75	0.00452143120292241	0	0	0	1	0	0.416373617253809	24	1.04878333333333	0	12499999	0.0045189793289599	0.0040584412627551	7.71788145669975	4.2	0.75	2	FALSE	FALSE	TRUE	FALSE	TRUE	FALSE	0	0	0.00452143120292241	16.457540685634	-8.68211854330025					FALSE
SLX-12456_SLX-12458.D711_D501	SLX-12456_SLX-12458.D711_D501:4.2:0.8	0.00452143120292241	0	0	0	1	0	0.416373617253809	24	1.048825	0	12499999	0.0045189793289599	0.0040584412627551	7.37614867521332	4.2	0.8	2	FALSE	FALSE	TRUE	FALSE	TRUE	FALSE	0	0	0.00452143120292241	16.457540685634	-9.02385132478668					FALSE
SLX-12456_SLX-12458.D711_D501	SLX-12456_SLX-12458.D711_D501:4.2:0.85	0.00452143120292241	0	0	0	1	0	0.416373617253809	24	1.04886176470588	0	12499999	0.0045189793289599	0.0040584412627551	7.07461975037234	4.2	0.85	2	FALSE	FALSE	TRUE	FALSE	TRUE	FALSE	0	0	0.00452143120292241	16.457540685634	-9.32538024962766					FALSE
SLX-12456_SLX-12458.D711_D501	SLX-12456_SLX-12458.D711_D501:4.2:0.9	0.00452143120292241	0	0	0	1	0	0.416373617253809	24	1.04889444444445	0	12499999	0.0045189793289599	0.0040584412627551	6.80659403940313	4.2	0.9	2	FALSE	FALSE	TRUE	FALSE	TRUE	FALSE	0	0	0.00452143120292241	16.457540685634	-9.59340596059686					FALSE
SLX-12456_SLX-12458.D711_D501	SLX-12456_SLX-12458.D711_D501:4.2:0.95	0.00452143120292241	0	0	0	1	0	0.416373617253809	24	1.04892368421053	0	12499999	0.0045189793289599	0.0040584412627551	6.56678156116721	4.2	0.95	2	FALSE	FALSE	TRUE	FALSE	TRUE	FALSE	0	0	0.00452143120292241	16.457540685634	-9.83321843883279					FALSE
SLX-12456_SLX-12458.D711_D501	SLX-12456_SLX-12458.D711_D501:4.2:1	0.00452143120292241	0	0	0	1	0	0.416373617253809	24	1.04895	0	12499999	0.0045189793289599	0.0040584412627551	6.38983464187342	4.2	1	2	FALSE	FALSE	TRUE	TRUE	TRUE	FALSE	0	0	0.00452143120292241	16.457540685634	-10.0101653581266					FALSE
SLX-12456_SLX-12458.D711_D501	SLX-12456_SLX-12458.D711_D501:4.3:0.1	0	0	0.00452143120292241	0.00452143120292241	1	0	0.294656680980641	24	1.069425	12.499999	12499999	0.0045189793289599	0.0040584412627551	9.50978422778174	4.3	0.1	2	FALSE	FALSE	FALSE	FALSE	TRUE	FALSE	0	0	0.001	23.0102999566398	-13.4902157722183					FALSE
SLX-12456_SLX-12458.D711_D501	SLX-12456_SLX-12458.D711_D501:4.3:0.3	0	0.00452143120292241	0	0	1	0	0.387074741076677	24	1.07275833333333	0	12499999	0.0045189793289599	0.0040584412627551	1.45730560923478	4.3	0.3	2	FALSE	FALSE	TRUE	FALSE	TRUE	FALSE	0	0	0.001	23.0102999566398	-21.5426943907652					FALSE
SLX-12456_SLX-12458.D711_D501	SLX-12456_SLX-12458.D711_D501:4.3:0.7	0.00452143120292241	0	0	0	1	0	0.416373617253809	24	1.07371071428572	0	12499999	0.0045189793289599	0.0040584412627551	0.241379851576666	4.3	0.7	2	FALSE	FALSE	TRUE	FALSE	TRUE	FALSE	0	0	0.00452143120292241	16.457540685634	-16.1586201484233					FALSE
SLX-12456_SLX-12458.D711_D501	SLX-12456_SLX-12458.D711_D501:4.3:0.75	0.00452143120292241	0	0	0	1	0	0.416373617253809	24	1.07375833333333	0	12499999	0.0045189793289599	0.0040584412627551	0.140616520439496	4.3	0.75	2	FALSE	FALSE	TRUE	FALSE	TRUE	FALSE	0	0	0.00452143120292241	16.457540685634	-16.2593834795605					FALSE
SLX-12456_SLX-12458.D711_D501	SLX-12456_SLX-12458.D711_D501:4.3:0.8	0.00452143120292241	0	0	0	1	0	0.416373617253809	24	1.0738	0	12499999	0.0045189793289599	0.0040584412627551	0.0524486056944742	4.3	0.8	2	FALSE	FALSE	TRUE	FALSE	TRUE	FALSE	0	0	0.00452143120292241	16.457540685634	-16.3475513943055					FALSE
SLX-12456_SLX-12458.D711_D501	SLX-12456_SLX-12458.D711_D501:4.3:0.85	0.00452143120292241	0	0	0	1	0	0.416373617253809	24	1.07383676470588	0	12499999	0.0045189793289599	0.0040584412627551	0	4.3	0.85	2	FALSE	FALSE	TRUE	FALSE	TRUE	FALSE	0	0	0.00452143120292241	16.457540685634	-16.4					FALSE
SLX-12456_SLX-12458.D711_D501	SLX-12456_SLX-12458.D711_D501:4.3:0.9	0.00452143120292241	0	0	0	1	0	0.416373617253809	24	1.07386944444445	0	12499999	0.0045189793289599	0.0040584412627551	0	4.3	0.9	2	FALSE	FALSE	TRUE	FALSE	TRUE	FALSE	0	0	0.00452143120292241	16.457540685634	-16.4					FALSE
SLX-12456_SLX-12458.D711_D501	SLX-12456_SLX-12458.D711_D501:4.3:0.95	0	0	0	0	1	0	0.416373617253809	24	1.07389868421053	0	12499999	0.0045189793289599	0.0040584412627551	0	4.3	0.95	2	FALSE	FALSE	TRUE	FALSE	TRUE	FALSE	0	0	0.001	23.0102999566398	-23					FALSE
SLX-12456_SLX-12458.D711_D501	SLX-12456_SLX-12458.D711_D501:4.3:1	0	0	0	0	1	0	0.416373617253809	24	1.073925	0	12499999	0.0045189793289599	0.0040584412627551	0	4.3	1	2	FALSE	FALSE	TRUE	TRUE	TRUE	FALSE	0	0	0.001	23.0102999566398	-23					FALSE
SLX-12456_SLX-12458.D711_D501	SLX-12456_SLX-12458.D711_D501:4.4:0.3	0	0	0	0	1	0	0.416373617253809	24	1.09773333333333	0	12499999	0.0045189793289599	0.0040584412627551	0	4.4	0.3	2	FALSE	FALSE	TRUE	FALSE	TRUE	FALSE	0	0	0.001	23.0102999566398	-23					FALSE
SLX-12456_SLX-12458.D711_D501	SLX-12456_SLX-12458.D711_D501:4.4:0.7	0.00452143120292241	0	0	0	1	0	0.416373617253809	24	1.09868571428571	0	12499999	0.0045189793289599	0.0040584412627551	0.0682090241543932	4.4	0.7	2	FALSE	FALSE	TRUE	FALSE	TRUE	FALSE	0	0	0.00452143120292241	16.457540685634	-16.3317909758456					FALSE
SLX-12456_SLX-12458.D711_D501	SLX-12456_SLX-12458.D711_D501:4.4:0.75	0.00452143120292241	0	0	0	1	0	0.416373617253809	24	1.09873333333333	0	12499999	0.0045189793289599	0.0040584412627551	0	4.4	0.75	2	FALSE	FALSE	TRUE	FALSE	TRUE	FALSE	0	0	0.00452143120292241	16.457540685634	-16.4					FALSE
SLX-12456_SLX-12458.D711_D501	SLX-12456_SLX-12458.D711_D501:4.4:0.8	0	0	0	0	1	0	0.416373617253809	24	1.098775	0	12499999	0.0045189793289599	0.0040584412627551	0	4.4	0.8	2	FALSE	FALSE	TRUE	FALSE	TRUE	FALSE	0	0	0.001	23.0102999566398	-23					FALSE
SLX-12456_SLX-12458.D711_D501	SLX-12456_SLX-12458.D711_D501:4.4:0.85	0	0	0	0	1	0	0.416373617253809	24	1.09881176470588	0	12499999	0.0045189793289599	0.0040584412627551	0	4.4	0.85	2	FALSE	FALSE	TRUE	FALSE	TRUE	FALSE	0	0	0.001	23.0102999566398	-23					FALSE
SLX-12456_SLX-12458.D711_D501	SLX-12456_SLX-12458.D711_D501:4.4:0.9	0	0	0	0	1	0	0.416373617253809	24	1.09884444444445	0	12499999	0.0045189793289599	0.0040584412627551	0	4.4	0.9	2	FALSE	FALSE	TRUE	FALSE	TRUE	FALSE	0	0	0.001	23.0102999566398	-23					FALSE
SLX-12456_SLX-12458.D711_D501	SLX-12456_SLX-12458.D711_D501:4.4:0.95	0	0	0	0	1	0	0.416373617253809	24	1.09887368421053	0	12499999	0.0045189793289599	0.0040584412627551	0	4.4	0.95	2	FALSE	FALSE	TRUE	FALSE	TRUE	FALSE	0	0	0.001	23.0102999566398	-23					FALSE
SLX-12456_SLX-12458.D711_D501	SLX-12456_SLX-12458.D711_D501:4.4:1	0	0	0	0	1	0	0.416373617253809	24	1.0989	0	12499999	0.0045189793289599	0.0040584412627551	0	4.4	1	2	FALSE	FALSE	TRUE	TRUE	TRUE	FALSE	0	0	0.001	23.0102999566398	-23					FALSE
SLX-12456_SLX-12458.D711_D501	SLX-12456_SLX-12458.D711_D501:4.5:0.025	0.0408737406208889	0	0.00452143120292241	0.00452143120292241	1	0.239274156592014	0.0781582780754231	24	1.032	12.499999	31999999	0.210584451407177	0.231331168535482	16.1683823825773	4.5	0.025	2	FALSE	FALSE	FALSE	TRUE	FALSE	FALSE	0.259560997187748	1.12286518768497	0.0408737406208889	6.89585611031101	8.1683823825773					FALSE
SLX-12456_SLX-12458.D711_D501	SLX-12456_SLX-12458.D711_D501:4.5:0.3	0	0	0	0	1	0	0.126238367476091	24	1.10895833333333	0	12499999	0.0045189793289599	0.0040584412627551	0	4.5	0.3	2	FALSE	FALSE	TRUE	FALSE	TRUE	FALSE	0	0	0.001	23.0102999566398	-23					FALSE
SLX-12456_SLX-12458.D711_D501	SLX-12456_SLX-12458.D711_D501:4.5:0.65	0.00452143120292241	0	0	0	1	0	0.126238367476091	24	1.11524038461539	0	12499999	0.0045189793289599	0.0040584412627551	0.0113035788134647	4.5	0.65	2	FALSE	FALSE	TRUE	FALSE	TRUE	FALSE	0	0	0.00452143120292241	16.457540685634	-16.3886964211865					FALSE
SLX-12456_SLX-12458.D711_D501	SLX-12456_SLX-12458.D711_D501:4.5:0.7	0.00452143120292241	0	0	0	1	0	0.126238367476091	24	1.115625	0	12499999	0.0045189793289599	0.0040584412627551	0	4.5	0.7	2	FALSE	FALSE	TRUE	FALSE	TRUE	FALSE	0	0	0.00452143120292241	16.457540685634	-16.4					FALSE
SLX-12456_SLX-12458.D711_D501	SLX-12456_SLX-12458.D711_D501:4.5:0.75	0	0	0	0	1	0	0.126238367476091	24	1.11595833333333	0	12499999	0.0045189793289599	0.0040584412627551	0	4.5	0.75	2	FALSE	FALSE	TRUE	FALSE	TRUE	FALSE	0	0	0.001	23.0102999566398	-23					FALSE
SLX-12456_SLX-12458.D711_D501	SLX-12456_SLX-12458.D711_D501:4.5:0.8	0	0	0	0	1	0	0.126238367476091	24	1.11625	0	12499999	0.0045189793289599	0.0040584412627551	0	4.5	0.8	2	FALSE	FALSE	TRUE	FALSE	TRUE	FALSE	0	0	0.001	23.0102999566398	-23					FALSE
SLX-12456_SLX-12458.D711_D501	SLX-12456_SLX-12458.D711_D501:4.5:0.85	0	0	0	0	1	0	0.126238367476091	24	1.11650735294118	0	12499999	0.0045189793289599	0.0040584412627551	0	4.5	0.85	2	FALSE	FALSE	TRUE	FALSE	TRUE	FALSE	0	0	0.001	23.0102999566398	-23					FALSE
SLX-12456_SLX-12458.D711_D501	SLX-12456_SLX-12458.D711_D501:4.5:0.9	0	0	0	0	1	0	0.126238367476091	24	1.11673611111111	0	12499999	0.0045189793289599	0.0040584412627551	0	4.5	0.9	2	FALSE	FALSE	TRUE	FALSE	TRUE	FALSE	0	0	0.001	23.0102999566398	-23					FALSE
SLX-12456_SLX-12458.D711_D501	SLX-12456_SLX-12458.D711_D501:4.5:0.95	0	0	0	0	1	0	0.126238367476091	24	1.11694078947368	0	12499999	0.0045189793289599	0.0040584412627551	0	4.5	0.95	2	FALSE	FALSE	TRUE	FALSE	TRUE	FALSE	0	0	0.001	23.0102999566398	-23					FALSE
SLX-12456_SLX-12458.D711_D501	SLX-12456_SLX-12458.D711_D501:4.5:1	0	0	0	0	1	0	0.126238367476091	24	1.117125	0	12499999	0.0045189793289599	0.0040584412627551	0	4.5	1	2	FALSE	FALSE	TRUE	TRUE	TRUE	FALSE	0	0	0.001	23.0102999566398	-23					FALSE
SLX-12456_SLX-12458.D711_D501	SLX-12456_SLX-12458.D711_D501:4:0.025	0.0323734496410859	0	0.00452143120292241	0.00452143120292241	1	0.136756030429689	0.142515521832213	24	1	12.499999	89499999	0.210584451407177	0.231331168535482	31.6807664120732	4	0.025	2	FALSE	FALSE	FALSE	TRUE	FALSE	FALSE	0.159485138112237	0.423925154644653	0.0323734496410859	7.90841016364434	23.2807664120732					FALSE
SLX-12456_SLX-12458.D711_D501	SLX-12456_SLX-12458.D711_D501:4:0.3	0	0.00452143120292241	0	0	1	0	0.387074741076677	24	0.997833333333332	0	12499999	0.0045189793289599	0.0040584412627551	81.8946462865569	4	0.3	2	FALSE	FALSE	TRUE	FALSE	TRUE	FALSE	0	0	0.001	23.0102999566398	58.8946462865569					FALSE
SLX-12456_SLX-12458.D711_D501	SLX-12456_SLX-12458.D711_D501:4:0.7	0.00452143120292241	0	0	0	1	0	0.416373617253809	24	0.998785714285715	0	12499999	0.0045189793289599	0.0040584412627551	89.5797701892838	4	0.7	2	FALSE	FALSE	TRUE	FALSE	TRUE	FALSE	0	0	0.00452143120292241	16.457540685634	73.1797701892838					FALSE
SLX-12456_SLX-12458.D711_D501	SLX-12456_SLX-12458.D711_D501:4:0.75	0.00452143120292241	0	0	0	1	0	0.416373617253809	24	0.998833333333332	0	12499999	0.0045189793289599	0.0040584412627551	90.0770621725541	4	0.75	2	FALSE	FALSE	TRUE	FALSE	TRUE	FALSE	0	0	0.00452143120292241	16.457540685634	73.6770621725541					FALSE
SLX-12456_SLX-12458.D711_D501	SLX-12456_SLX-12458.D711_D501:4:0.8	0.00452143120292241	0	0	0	1	0	0.416373617253809	24	0.998875	0	12499999	0.0045189793289599	0.0040584412627551	90.5121926579166	4	0.8	2	FALSE	FALSE	TRUE	FALSE	TRUE	FALSE	0	0	0.00452143120292241	16.457540685634	74.1121926579166					FALSE
SLX-12456_SLX-12458.D711_D501	SLX-12456_SLX-12458.D711_D501:4:0.85	0.00452143120292241	0	0	0	1	0	0.416373617253809	24	0.998911764705882	0	12499999	0.0045189793289599	0.0040584412627551	90.896131321472	4	0.85	2	FALSE	FALSE	TRUE	FALSE	TRUE	FALSE	0	0	0.00452143120292241	16.457540685634	74.496131321472					FALSE
SLX-12456_SLX-12458.D711_D501	SLX-12456_SLX-12458.D711_D501:4:0.9	0.00452143120292241	0	0	0	1	0	0.416373617253809	24	0.998944444444445	0	12499999	0.0045189793289599	0.0040584412627551	91.1831529552158	4	0.9	2	FALSE	FALSE	TRUE	FALSE	TRUE	FALSE	0	0	0.00452143120292241	16.457540685634	74.7831529552158					FALSE
SLX-12456_SLX-12458.D711_D501	SLX-12456_SLX-12458.D711_D501:4:0.95	0.00452143120292241	0	0	0	1	0	0.416373617253809	24	0.998973684210528	0	12499999	0.0045189793289599	0.0040584412627551	91.3647632400383	4	0.95	2	FALSE	FALSE	TRUE	FALSE	TRUE	FALSE	0	0	0.00452143120292241	16.457540685634	74.9647632400383					FALSE
SLX-12456_SLX-12458.D711_D501	SLX-12456_SLX-12458.D711_D501:4:1	0.00452143120292241	0	0	0	1	0	0.416373617253809	24	0.999	0	12499999	0.0045189793289599	0.0040584412627551	91.5282124963782	4	1	2	FALSE	FALSE	TRUE	TRUE	TRUE	FALSE	0	0	0.00452143120292241	16.457540685634	75.1282124963782					FALSE
SLX-12456_SLX-12458.D711_D501	SLX-12456_SLX-12458.D711_D501:5.4:0.025	0	0	0.00452143120292241	0.00452143120292241	1	0.0484697460111934	0.0160962956466784	24	1.01328	12.499999	31999999	0.210584451407177	0.231331168535482	19.9983319572435	5.4	0.025	2	FALSE	FALSE	FALSE	TRUE	FALSE	FALSE	0.0492626928801438	0.0404468818300561	0.001	23.0102999566398	-3.00166804275647					FALSE
